Sample description: Extrapolated to infinite dilution
Sample: Extrapolated to  c= 0.000 mg/ml  Code: gluc
Parent(s): gluc_026.dat gluc_024.dat gluc_022.dat gluc_020.dat
  8.712520e-02   2.379281e+02   7.821770e+00
  8.985920e-02   1.781082e+02   2.888660e+00
  9.259320e-02   1.528744e+02   2.378370e+00
  9.532730e-02   1.471823e+02   2.170700e+00
  9.806130e-02   1.443414e+02   1.919570e+00
  1.007950e-01   1.555091e+02   1.782440e+00
  1.035290e-01   1.531681e+02   1.625810e+00
  1.062630e-01   1.648041e+02   1.541980e+00
  1.089980e-01   1.573330e+02   1.391700e+00
  1.117320e-01   1.541198e+02   1.322180e+00
  1.144660e-01   1.620031e+02   1.256250e+00
  1.172000e-01   1.522070e+02   1.175270e+00
  1.199340e-01   1.467685e+02   1.108280e+00
  1.226680e-01   1.505762e+02   1.047230e+00
  1.254020e-01   1.564188e+02   9.995140e-01
  1.281360e-01   1.544782e+02   9.726020e-01
  1.308700e-01   1.506420e+02   9.158710e-01
  1.336040e-01   1.557402e+02   8.940030e-01
  1.363380e-01   1.494658e+02   8.463500e-01
  1.390720e-01   1.509556e+02   8.232310e-01
  1.418060e-01   1.522683e+02   7.912250e-01
  1.445400e-01   1.520596e+02   7.735060e-01
  1.472740e-01   1.524831e+02   7.589990e-01
  1.500080e-01   1.517217e+02   7.277160e-01
  1.527420e-01   1.496821e+02   7.156870e-01
  1.554760e-01   1.465381e+02   6.903260e-01
  1.582100e-01   1.496910e+02   6.827320e-01
  1.609440e-01   1.489779e+02   6.613620e-01
  1.636780e-01   1.463594e+02   6.511140e-01
  1.664120e-01   1.472921e+02   6.388990e-01
  1.691460e-01   1.486073e+02   6.238780e-01
  1.718810e-01   1.469293e+02   6.191190e-01
  1.746150e-01   1.453762e+02   6.057770e-01
  1.773490e-01   1.457189e+02   5.964820e-01
  1.800830e-01   1.464852e+02   5.840090e-01
  1.828170e-01   1.427214e+02   5.815640e-01
  1.855510e-01   1.438171e+02   5.733130e-01
  1.882850e-01   1.435312e+02   5.602710e-01
  1.910190e-01   1.436032e+02   5.541760e-01
  1.937530e-01   1.432732e+02   5.507750e-01
  1.964870e-01   1.405496e+02   5.447960e-01
  1.992210e-01   1.413895e+02   5.418130e-01
  2.019550e-01   1.417927e+02   5.291240e-01
  2.046890e-01   1.414163e+02   5.273860e-01
  2.074230e-01   1.372574e+02   5.242690e-01
  2.101570e-01   1.400680e+02   5.211520e-01
  2.128910e-01   1.396134e+02   5.164010e-01
  2.156250e-01   1.359235e+02   5.096330e-01
  2.183590e-01   1.370419e+02   5.116800e-01
  2.210930e-01   1.380324e+02   5.021040e-01
  2.238270e-01   1.351180e+02   5.012450e-01
  2.265610e-01   1.359205e+02   4.979920e-01
  2.292950e-01   1.364260e+02   4.926400e-01
  2.320290e-01   1.340254e+02   4.963010e-01
  2.347640e-01   1.337982e+02   4.887030e-01
  2.374980e-01   1.348127e+02   4.926380e-01
  2.402320e-01   1.320011e+02   4.857680e-01
  2.429660e-01   1.311664e+02   4.823820e-01
  2.457000e-01   1.316057e+02   4.826280e-01
  2.484340e-01   1.311513e+02   4.742780e-01
  2.511680e-01   1.295231e+02   4.753900e-01
  2.539020e-01   1.285661e+02   4.730120e-01
  2.566360e-01   1.294655e+02   4.695890e-01
  2.593700e-01   1.288932e+02   4.670120e-01
  2.621040e-01   1.265347e+02   4.622270e-01
  2.648380e-01   1.264214e+02   4.644040e-01
  2.675720e-01   1.254615e+02   4.576980e-01
  2.703060e-01   1.257080e+02   4.568670e-01
  2.730400e-01   1.245321e+02   4.542120e-01
  2.757740e-01   1.235996e+02   4.486150e-01
  2.785080e-01   1.231719e+02   4.521890e-01
  2.812420e-01   1.228279e+02   4.447140e-01
  2.839760e-01   1.218937e+02   4.433700e-01
  2.867100e-01   1.204985e+02   4.422540e-01
  2.894440e-01   1.193903e+02   4.379060e-01
  2.921780e-01   1.205233e+02   4.371100e-01
  2.949120e-01   1.181426e+02   4.338880e-01
  2.976470e-01   1.170880e+02   4.307130e-01
  3.003810e-01   1.160293e+02   4.295030e-01
  3.031150e-01   1.153745e+02   4.263670e-01
  3.058490e-01   1.148349e+02   4.226260e-01
  3.085830e-01   1.142742e+02   4.214610e-01
  3.113170e-01   1.128025e+02   4.187060e-01
  3.140510e-01   1.122117e+02   4.165080e-01
  3.167850e-01   1.131073e+02   4.142000e-01
  3.195190e-01   1.119043e+02   4.120900e-01
  3.222530e-01   1.102256e+02   4.106810e-01
  3.249870e-01   1.093400e+02   4.070880e-01
  3.277210e-01   1.084273e+02   4.045080e-01
  3.304550e-01   1.079098e+02   4.025430e-01
  3.331890e-01   1.061166e+02   4.016180e-01
  3.359230e-01   1.067222e+02   4.002520e-01
  3.386570e-01   1.060362e+02   3.966670e-01
  3.413910e-01   1.047758e+02   3.932510e-01
  3.441250e-01   1.038678e+02   3.921950e-01
  3.468590e-01   1.038029e+02   3.907910e-01
  3.495930e-01   1.024770e+02   3.897700e-01
  3.523270e-01   1.025230e+02   3.854410e-01
  3.550610e-01   1.015381e+02   3.838140e-01
  3.577950e-01   1.008362e+02   3.816950e-01
  3.605300e-01   1.001754e+02   3.803370e-01
  3.632640e-01   1.000413e+02   3.783980e-01
  3.659980e-01   9.843641e+01   3.740010e-01
  3.687320e-01   9.713864e+01   3.727640e-01
  3.714660e-01   9.619653e+01   3.720140e-01
  3.742000e-01   9.589481e+01   3.683480e-01
  3.769340e-01   9.542294e+01   3.666580e-01
  3.796680e-01   9.575239e+01   3.635060e-01
  3.824020e-01   9.438028e+01   3.617780e-01
  3.851360e-01   9.329810e+01   3.608170e-01
  3.878700e-01   9.255696e+01   3.570070e-01
  3.906040e-01   9.107012e+01   3.560950e-01
  3.933380e-01   8.963999e+01   3.516170e-01
  3.960720e-01   9.023792e+01   3.511100e-01
  3.988060e-01   8.962741e+01   3.481510e-01
  4.015400e-01   8.921035e+01   3.475950e-01
  4.042740e-01   8.903506e+01   3.464600e-01
  4.070080e-01   8.719524e+01   3.422970e-01
  4.097420e-01   8.675667e+01   3.390210e-01
  4.124760e-01   8.586606e+01   3.367450e-01
  4.152100e-01   8.463925e+01   3.335320e-01
  4.179440e-01   8.430599e+01   3.325770e-01
  4.206780e-01   8.250805e+01   3.284140e-01
  4.234130e-01   8.220574e+01   3.273540e-01
  4.261470e-01   8.167729e+01   3.230640e-01
  4.288810e-01   8.123889e+01   3.216590e-01
  4.316150e-01   7.984870e+01   3.196270e-01
  4.343490e-01   7.894144e+01   3.151130e-01
  4.370830e-01   7.780327e+01   3.150690e-01
  4.398170e-01   7.824086e+01   3.100990e-01
  4.425510e-01   7.724564e+01   3.093860e-01
  4.452850e-01   7.635894e+01   3.045620e-01
  4.480190e-01   7.572818e+01   3.036390e-01
  4.507530e-01   7.406818e+01   3.017760e-01
  4.534870e-01   7.449606e+01   2.973720e-01
  4.562210e-01   7.302100e+01   2.960860e-01
  4.589550e-01   7.237820e+01   2.925340e-01
  4.616890e-01   7.141290e+01   2.901850e-01
  4.644230e-01   7.113140e+01   2.889820e-01
  4.671570e-01   7.031830e+01   2.847190e-01
  4.698910e-01   6.941020e+01   2.828540e-01
  4.726250e-01   6.894540e+01   2.807960e-01
  4.753590e-01   6.803330e+01   2.773020e-01
  4.780930e-01   6.777000e+01   2.756970e-01
  4.808270e-01   6.704740e+01   2.729280e-01
  4.835610e-01   6.629060e+01   2.711840e-01
  4.862960e-01   6.560370e+01   2.681490e-01
  4.890300e-01   6.500430e+01   2.662410e-01
  4.917640e-01   6.430160e+01   2.627340e-01
  4.944980e-01   6.365090e+01   2.604240e-01
  4.972320e-01   6.291300e+01   2.583850e-01
  4.999660e-01   6.204180e+01   2.548560e-01
  5.027000e-01   6.157500e+01   2.526490e-01
  5.054340e-01   6.092880e+01   2.504810e-01
  5.081680e-01   6.073820e+01   2.502040e-01
  5.109020e-01   5.993740e+01   2.475380e-01
  5.136360e-01   5.915760e+01   2.438580e-01
  5.163700e-01   5.863360e+01   2.425730e-01
  5.191040e-01   5.823730e+01   2.409670e-01
  5.218380e-01   5.776360e+01   2.392700e-01
  5.245720e-01   5.675660e+01   2.356880e-01
  5.273060e-01   5.642520e+01   2.338990e-01
  5.300400e-01   5.565010e+01   2.317290e-01
  5.327740e-01   5.491000e+01   2.279970e-01
  5.355080e-01   5.468330e+01   2.278980e-01
  5.382420e-01   5.388550e+01   2.253230e-01
  5.409760e-01   5.365120e+01   2.238260e-01
  5.437100e-01   5.258210e+01   2.203880e-01
  5.464450e-01   5.189500e+01   2.173670e-01
  5.491790e-01   5.134560e+01   2.155790e-01
  5.519130e-01   5.036270e+01   2.114030e-01
  5.546470e-01   5.010310e+01   2.110330e-01
  5.573810e-01   4.945400e+01   2.090440e-01
  5.601150e-01   4.895280e+01   2.058390e-01
  5.628490e-01   4.787140e+01   2.024460e-01
  5.655830e-01   4.741180e+01   2.008530e-01
  5.683170e-01   4.678860e+01   1.992270e-01
  5.710510e-01   4.611940e+01   1.959080e-01
  5.737850e-01   4.573890e+01   1.948170e-01
  5.765190e-01   4.523760e+01   1.927070e-01
  5.792530e-01   4.459230e+01   1.908470e-01
  5.819870e-01   4.401540e+01   1.882210e-01
  5.847210e-01   4.357360e+01   1.870550e-01
  5.874550e-01   4.306370e+01   1.850020e-01
  5.901890e-01   4.223330e+01   1.819130e-01
  5.929230e-01   4.168650e+01   1.804690e-01
  5.956570e-01   4.117300e+01   1.776910e-01
  5.983910e-01   4.067160e+01   1.760800e-01
  6.011250e-01   4.010200e+01   1.743500e-01
  6.038590e-01   3.962440e+01   1.724100e-01
  6.065930e-01   3.892890e+01   1.695440e-01
  6.093280e-01   3.838090e+01   1.680180e-01
  6.120620e-01   3.779420e+01   1.655470e-01
  6.147960e-01   3.734400e+01   1.645230e-01
  6.175300e-01   3.693280e+01   1.620920e-01
  6.202640e-01   3.629770e+01   1.605330e-01
  6.229980e-01   3.576200e+01   1.584770e-01
  6.257320e-01   3.495190e+01   1.554420e-01
  6.284660e-01   3.457740e+01   1.532360e-01
  6.312000e-01   3.421730e+01   1.519030e-01
  6.339340e-01   3.363920e+01   1.510880e-01
  6.366680e-01   3.299190e+01   1.483350e-01
  6.394020e-01   3.242100e+01   1.458930e-01
  6.421360e-01   3.188760e+01   1.437540e-01
  6.448700e-01   3.173740e+01   1.430280e-01
  6.476040e-01   3.119830e+01   1.418870e-01
  6.503380e-01   3.055690e+01   1.391050e-01
  6.530720e-01   2.995630e+01   1.363850e-01
  6.558060e-01   2.979870e+01   1.368840e-01
  6.585400e-01   2.906600e+01   1.331920e-01
  6.612740e-01   2.877370e+01   1.332400e-01
  6.640080e-01   2.822680e+01   1.298020e-01
  6.667420e-01   2.785080e+01   1.289060e-01
  6.694760e-01   2.723560e+01   1.266880e-01
  6.722110e-01   2.688060e+01   1.253410e-01
  6.749450e-01   2.642730e+01   1.242870e-01
  6.776790e-01   2.595770e+01   1.214090e-01
  6.804130e-01   2.569630e+01   1.213350e-01
  6.831470e-01   2.514860e+01   1.194980e-01
  6.858810e-01   2.469340e+01   1.174620e-01
  6.886150e-01   2.439520e+01   1.167760e-01
  6.913490e-01   2.380490e+01   1.139420e-01
  6.940830e-01   2.356800e+01   1.134950e-01
  6.968170e-01   2.307790e+01   1.115200e-01
  6.995510e-01   2.267830e+01   1.095660e-01
  7.022850e-01   2.221950e+01   1.084200e-01
  7.050190e-01   2.181360e+01   1.070850e-01
  7.077530e-01   2.151300e+01   1.060520e-01
  7.104870e-01   2.097970e+01   1.032220e-01
  7.132210e-01   2.060820e+01   1.023230e-01
  7.159550e-01   2.022360e+01   1.012940e-01
  7.186890e-01   1.995190e+01   1.003060e-01
  7.214230e-01   1.964130e+01   9.907430e-02
  7.241570e-01   1.913900e+01   9.716180e-02
  7.268910e-01   1.885880e+01   9.565080e-02
  7.296250e-01   1.855410e+01   9.480830e-02
  7.323590e-01   1.815410e+01   9.336050e-02
  7.350940e-01   1.762830e+01   9.157600e-02
  7.378280e-01   1.728130e+01   8.944670e-02
  7.405620e-01   1.718010e+01   8.969790e-02
  7.432960e-01   1.677300e+01   8.830900e-02
  7.460300e-01   1.640270e+01   8.652930e-02
  7.487640e-01   1.605100e+01   8.508390e-02
  7.514980e-01   1.578500e+01   8.451780e-02
  7.542320e-01   1.549130e+01   8.350030e-02
  7.569660e-01   1.513290e+01   8.195970e-02
  7.597000e-01   1.479930e+01   8.086730e-02
  7.624340e-01   1.464350e+01   8.040130e-02
  7.651680e-01   1.436430e+01   7.920380e-02
  7.679020e-01   1.403110e+01   7.809230e-02
  7.706360e-01   1.377810e+01   7.685720e-02
  7.733700e-01   1.335530e+01   7.581300e-02
  7.761040e-01   1.316980e+01   7.488170e-02
  7.788380e-01   1.278020e+01   7.354280e-02
  7.815720e-01   1.250300e+01   7.212750e-02
  7.843060e-01   1.238940e+01   7.195470e-02
  7.870400e-01   1.212490e+01   7.132280e-02
  7.897740e-01   1.177430e+01   6.940810e-02
  7.925080e-01   1.159590e+01   6.901360e-02
  7.952420e-01   1.134180e+01   6.821720e-02
  7.979770e-01   1.113120e+01   6.770210e-02
  8.007110e-01   1.078820e+01   6.736860e-02
  8.034450e-01   1.052760e+01   6.536680e-02
  8.061790e-01   1.031370e+01   6.544580e-02
  8.089130e-01   1.012700e+01   6.468320e-02
  8.116470e-01   9.868300e+00   6.404500e-02
  8.143810e-01   9.576000e+00   6.267440e-02
  8.171150e-01   9.356760e+00   6.212420e-02
  8.198490e-01   9.164500e+00   6.193940e-02
  8.225830e-01   9.026830e+00   6.116820e-02
  8.253170e-01   8.759310e+00   6.023990e-02
  8.280510e-01   8.582420e+00   5.944830e-02
  8.307850e-01   8.336510e+00   5.831830e-02
  8.335190e-01   8.202700e+00   5.870080e-02
  8.362530e-01   7.951440e+00   5.736270e-02
  8.389870e-01   7.748530e+00   5.673070e-02
  8.417210e-01   7.549060e+00   5.678650e-02
  8.444550e-01   7.383590e+00   5.544910e-02
  8.471890e-01   7.177080e+00   5.538340e-02
  8.499230e-01   7.024000e+00   5.378600e-02
  8.526570e-01   6.828360e+00   5.388520e-02
  8.553910e-01   6.757320e+00   5.345210e-02
  8.581250e-01   6.585730e+00   5.319650e-02
  8.608600e-01   6.370070e+00   5.225400e-02
  8.635940e-01   6.174960e+00   5.112230e-02
  8.663280e-01   5.977940e+00   5.097050e-02
  8.690620e-01   5.811300e+00   5.032370e-02
  8.717960e-01   5.713230e+00   4.982760e-02
  8.745300e-01   5.567990e+00   4.932810e-02
  8.772640e-01   5.382980e+00   4.879000e-02
  8.799980e-01   5.246140e+00   4.871280e-02
  8.827320e-01   5.201140e+00   4.842520e-02
  8.854660e-01   5.004810e+00   4.732290e-02
  8.882000e-01   4.814650e+00   4.685770e-02
  8.909340e-01   4.784810e+00   4.655430e-02
  8.936680e-01   4.648870e+00   4.662660e-02
  8.964020e-01   4.552620e+00   4.603660e-02
  8.991360e-01   4.385430e+00   4.516230e-02
  9.018700e-01   4.226790e+00   4.483400e-02
  9.046040e-01   4.142300e+00   4.462960e-02
  9.073380e-01   4.028090e+00   4.408800e-02
  9.100720e-01   3.879290e+00   4.401610e-02
  9.128060e-01   3.867540e+00   4.379630e-02
  9.155400e-01   3.708570e+00   4.275850e-02
  9.182740e-01   3.627360e+00   4.306350e-02
  9.210090e-01   3.573510e+00   4.260930e-02
  9.237430e-01   3.383350e+00   4.222160e-02
  9.264770e-01   3.251490e+00   4.198630e-02
  9.292110e-01   3.152050e+00   4.067650e-02
  9.319450e-01   3.153470e+00   4.132320e-02
  9.346790e-01   3.016130e+00   4.051070e-02
  9.374130e-01   2.898300e+00   4.052410e-02
  9.401470e-01   2.820310e+00   4.050060e-02
  9.428810e-01   2.731940e+00   3.970540e-02
  9.456150e-01   2.641340e+00   3.999700e-02
  9.483490e-01   2.648980e+00   3.926930e-02
  9.510830e-01   2.506310e+00   3.914280e-02
  9.538170e-01   2.448320e+00   3.898530e-02
  9.565510e-01   2.381950e+00   3.872380e-02
  9.592850e-01   2.306350e+00   3.854450e-02
  9.620190e-01   2.285970e+00   3.791270e-02
  9.647530e-01   2.164870e+00   3.794540e-02
  9.674870e-01   2.100800e+00   3.724710e-02
  9.702210e-01   2.029000e+00   3.726020e-02
  9.729550e-01   2.001130e+00   3.737970e-02
  9.756890e-01   1.895480e+00   3.670480e-02
  9.784230e-01   1.921880e+00   3.741340e-02
  9.811570e-01   1.824580e+00   3.649650e-02
  9.838920e-01   1.752870e+00   3.676880e-02
  9.866260e-01   1.693680e+00   3.629060e-02
  9.893600e-01   1.664970e+00   3.604020e-02
  9.920940e-01   1.621000e+00   3.612860e-02
  9.948280e-01   1.540610e+00   3.535500e-02
  9.975620e-01   1.486690e+00   3.560570e-02
  1.000300e+00   1.412980e+00   3.491570e-02
  1.003030e+00   1.433120e+00   3.526790e-02
  1.005760e+00   1.377970e+00   3.503920e-02
  1.008500e+00   1.385500e+00   3.513010e-02
  1.011230e+00   1.286400e+00   3.487730e-02
  1.013970e+00   1.260590e+00   3.437110e-02
  1.016700e+00   1.176780e+00   3.452480e-02
  1.019430e+00   1.166110e+00   3.449900e-02
  1.022170e+00   1.150700e+00   3.420910e-02
  1.024900e+00   1.090890e+00   3.437230e-02
  1.027640e+00   1.076940e+00   3.360630e-02
  1.030370e+00   1.064000e+00   3.431380e-02
  1.033100e+00   9.668340e-01   3.355520e-02
  1.035840e+00   9.965070e-01   3.401070e-02
  1.038570e+00   9.393810e-01   3.400810e-02
  1.041310e+00   9.803580e-01   3.351490e-02
  1.044040e+00   9.138980e-01   3.384510e-02
  1.046770e+00   8.682620e-01   3.320180e-02
  1.049510e+00   8.751810e-01   3.334040e-02
  1.052240e+00   8.226850e-01   3.337060e-02
  1.054980e+00   8.417710e-01   3.315800e-02
  1.057710e+00   8.128460e-01   3.328940e-02
  1.060440e+00   7.769760e-01   3.267840e-02
  1.063180e+00   7.626960e-01   3.294950e-02
  1.065910e+00   7.499270e-01   3.270580e-02
  1.068650e+00   7.558540e-01   3.267100e-02
  1.071380e+00   7.338030e-01   3.304430e-02
  1.074110e+00   7.347110e-01   3.250770e-02
  1.076850e+00   7.341300e-01   3.296030e-02
  1.079580e+00   7.433480e-01   3.235970e-02
  1.082320e+00   7.053660e-01   3.254670e-02
  1.085050e+00   6.852950e-01   3.289730e-02
  1.087790e+00   6.644130e-01   3.231750e-02
  1.090520e+00   6.564800e-01   3.302050e-02
  1.093250e+00   6.793400e-01   3.205360e-02
  1.095990e+00   6.712800e-01   3.243520e-02
  1.098720e+00   6.710380e-01   3.241150e-02
  1.101460e+00   6.143880e-01   3.232390e-02
  1.104190e+00   6.028060e-01   3.249210e-02
  1.106920e+00   6.289820e-01   3.233390e-02
  1.109660e+00   6.009920e-01   3.239690e-02
  1.112390e+00   6.313260e-01   3.242410e-02
  1.115130e+00   6.348420e-01   3.203560e-02
  1.117860e+00   5.938790e-01   3.244490e-02
  1.120590e+00   6.251420e-01   3.206960e-02
  1.123330e+00   6.317740e-01   3.226870e-02
  1.126060e+00   5.972890e-01   3.250080e-02
  1.128800e+00   5.929320e-01   3.195010e-02
  1.131530e+00   5.912310e-01   3.244370e-02
  1.134260e+00   5.499440e-01   3.226380e-02
  1.137000e+00   5.503590e-01   3.195280e-02
  1.139730e+00   5.732820e-01   3.193090e-02
  1.142470e+00   6.349730e-01   3.245540e-02
  1.145200e+00   6.071770e-01   3.224100e-02
  1.147930e+00   6.008680e-01   3.235090e-02
  1.150670e+00   6.571680e-01   3.226730e-02
  1.153400e+00   6.023970e-01   3.248030e-02
  1.156140e+00   6.571690e-01   3.207320e-02
  1.158870e+00   6.475000e-01   3.231040e-02
  1.161600e+00   6.407650e-01   3.222810e-02
  1.164340e+00   6.356170e-01   3.229170e-02
  1.167070e+00   6.675760e-01   3.245390e-02
  1.169810e+00   6.760090e-01   3.228560e-02
  1.172540e+00   6.695500e-01   3.222590e-02
  1.175270e+00   6.034670e-01   3.213350e-02
  1.178010e+00   7.010480e-01   3.256230e-02
  1.180740e+00   6.841840e-01   3.238060e-02
  1.183480e+00   6.768010e-01   3.231850e-02
  1.186210e+00   6.896910e-01   3.226740e-02
  1.188940e+00   6.629600e-01   3.222000e-02
  1.191680e+00   6.780630e-01   3.249980e-02
  1.194410e+00   6.871500e-01   3.272570e-02
  1.197150e+00   7.258290e-01   3.234210e-02
  1.199880e+00   7.233230e-01   3.246310e-02
  1.202620e+00   7.034430e-01   3.217960e-02
  1.205350e+00   6.782630e-01   3.208090e-02
  1.208080e+00   7.268320e-01   3.235270e-02
  1.210820e+00   7.222390e-01   3.238060e-02
  1.213550e+00   7.152110e-01   3.269820e-02
  1.216290e+00   6.859920e-01   3.260680e-02
  1.219020e+00   7.204020e-01   3.237720e-02
  1.221750e+00   7.138750e-01   3.250960e-02
  1.224490e+00   7.625940e-01   3.259950e-02
  1.227220e+00   7.492640e-01   3.265970e-02
  1.229960e+00   7.632890e-01   3.478560e-02
  1.232690e+00   7.678830e-01   3.574440e-02
  1.238160e+00   7.811970e-01   3.662860e-02
  1.240890e+00   7.993160e-01   3.763300e-02
  1.243630e+00   7.465920e-01   3.866840e-02
  1.246360e+00   7.713570e-01   3.924450e-02
  1.249090e+00   7.698450e-01   3.957800e-02
  1.251830e+00   8.307130e-01   4.060470e-02
  1.254560e+00   8.683140e-01   4.036290e-02
  1.257300e+00   9.143700e-01   4.118310e-02
  1.260030e+00   7.854110e-01   4.221020e-02
  1.262760e+00   8.265640e-01   4.266470e-02
  1.265500e+00   8.258840e-01   3.880290e-02
  1.268230e+00   8.927170e-01   3.806960e-02
  1.270970e+00   8.344440e-01   3.705600e-02
  1.273700e+00   9.152660e-01   3.666410e-02
  1.276430e+00   8.816660e-01   3.587860e-02
  1.279170e+00   8.306920e-01   3.564840e-02
  1.281900e+00   9.241450e-01   3.556020e-02
  1.284640e+00   9.254000e-01   3.530550e-02
  1.287370e+00   9.354400e-01   3.545620e-02
  1.290100e+00   9.254910e-01   3.512020e-02
  1.292840e+00   9.204700e-01   3.458040e-02
  1.295570e+00   8.770780e-01   3.430990e-02
  1.298310e+00   9.219660e-01   3.420220e-02
  1.301040e+00   9.280420e-01   3.432480e-02
  1.303770e+00   9.252740e-01   3.365660e-02
  1.306510e+00   9.848750e-01   3.370960e-02
  1.309240e+00   9.773640e-01   3.432000e-02
  1.311980e+00   9.772540e-01   3.379130e-02
  1.314710e+00   9.365700e-01   3.385030e-02
  1.317440e+00   9.220460e-01   3.364440e-02
  1.320180e+00   9.072390e-01   3.359460e-02
  1.322910e+00   9.643670e-01   3.423710e-02
  1.325650e+00   9.356400e-01   3.333500e-02
  1.328380e+00   9.317810e-01   3.355090e-02
  1.331120e+00   9.495300e-01   3.343430e-02
  1.333850e+00   9.288460e-01   3.380920e-02
  1.336580e+00   9.668650e-01   3.414990e-02
  1.339320e+00   9.910250e-01   3.312420e-02
  1.342050e+00   9.610280e-01   3.360840e-02
  1.344790e+00   9.548880e-01   3.357570e-02
  1.347520e+00   9.791710e-01   3.390460e-02
  1.350250e+00   9.578080e-01   3.365750e-02
  1.352990e+00   9.607000e-01   3.369980e-02
  1.355720e+00   9.793800e-01   3.377970e-02
  1.358460e+00   9.525200e-01   3.349830e-02
  1.361190e+00   9.532070e-01   3.326580e-02
  1.363920e+00   9.861880e-01   3.363550e-02
  1.366660e+00   9.909180e-01   3.359340e-02
  1.369390e+00   9.846270e-01   3.365220e-02
  1.372130e+00   1.007470e+00   3.333150e-02
  1.374860e+00   9.774460e-01   3.323290e-02
  1.377590e+00   1.011000e+00   3.372430e-02
  1.380330e+00   9.950220e-01   3.362640e-02
  1.383060e+00   9.591100e-01   3.359680e-02
  1.385800e+00   9.854450e-01   3.336950e-02
  1.388530e+00   1.017540e+00   3.335860e-02
  1.391260e+00   1.029270e+00   3.335380e-02
  1.394000e+00   9.815230e-01   3.303920e-02
  1.396730e+00   1.025550e+00   3.379340e-02
  1.399470e+00   9.991530e-01   3.345070e-02
  1.402200e+00   9.908570e-01   3.354220e-02
  1.404930e+00   1.037470e+00   3.347790e-02
  1.407670e+00   9.757180e-01   3.331020e-02
  1.410400e+00   9.887770e-01   3.338010e-02
  1.413140e+00   9.517950e-01   3.345930e-02
  1.415870e+00   1.026640e+00   3.329200e-02
  1.418600e+00   9.732920e-01   3.321600e-02
  1.421340e+00   9.869100e-01   3.316230e-02
  1.424070e+00   9.381270e-01   3.328270e-02
  1.426810e+00   9.581500e-01   3.325740e-02
  1.429540e+00   1.023190e+00   3.321600e-02
  1.432270e+00   9.679710e-01   3.298490e-02
  1.435010e+00   9.651560e-01   3.338090e-02
  1.437740e+00   9.363200e-01   3.298460e-02
  1.440480e+00   9.475210e-01   3.311320e-02
  1.443210e+00   9.659540e-01   3.292590e-02
  1.445940e+00   9.927950e-01   3.316070e-02
  1.448680e+00   9.535590e-01   3.319900e-02
  1.451410e+00   9.071490e-01   3.307790e-02
  1.454150e+00   9.595860e-01   3.276580e-02
  1.456880e+00   9.402220e-01   3.289580e-02
  1.459620e+00   9.799410e-01   3.295630e-02
  1.462350e+00   9.517600e-01   3.281100e-02
  1.465080e+00   9.475620e-01   3.298660e-02
  1.467820e+00   8.993510e-01   3.283220e-02
  1.470550e+00   9.211050e-01   3.253580e-02
  1.473290e+00   9.419970e-01   3.241440e-02
  1.476020e+00   9.368070e-01   3.251680e-02
  1.478750e+00   9.471320e-01   3.198570e-02
  1.481490e+00   8.966100e-01   3.221190e-02
  1.484220e+00   8.805660e-01   3.210500e-02
  1.486960e+00   8.922330e-01   3.230940e-02
  1.489690e+00   9.109270e-01   3.170800e-02
  1.492420e+00   8.636370e-01   3.200370e-02
  1.495160e+00   8.562980e-01   3.194160e-02
  1.497890e+00   8.750650e-01   3.174550e-02
  1.500630e+00   8.879890e-01   3.196330e-02
  1.503360e+00   8.802140e-01   3.180270e-02
  1.506090e+00   9.147620e-01   3.227400e-02
  1.508830e+00   9.090210e-01   3.188700e-02
  1.511560e+00   8.188100e-01   3.162570e-02
  1.514300e+00   8.504080e-01   3.173820e-02
  1.517030e+00   8.630610e-01   3.226210e-02
  1.519760e+00   8.657550e-01   3.169020e-02
  1.522500e+00   7.602630e-01   3.161210e-02
  1.525230e+00   8.409860e-01   3.165580e-02
  1.527970e+00   8.361520e-01   3.171550e-02
  1.530700e+00   7.892290e-01   3.159150e-02
  1.533430e+00   7.783270e-01   3.159740e-02
  1.536170e+00   8.338360e-01   3.149190e-02
  1.538900e+00   7.621920e-01   3.123440e-02
  1.541640e+00   7.710380e-01   3.188800e-02
  1.544370e+00   7.560530e-01   3.138510e-02
  1.547100e+00   7.627620e-01   3.108990e-02
  1.549840e+00   7.444530e-01   3.148580e-02
  1.552570e+00   7.266830e-01   3.141310e-02
  1.555310e+00   7.411890e-01   3.118430e-02
  1.558040e+00   7.609100e-01   3.145010e-02
  1.560770e+00   7.433290e-01   3.120100e-02
  1.563510e+00   7.332990e-01   3.151060e-02
  1.566240e+00   6.725850e-01   3.123510e-02
  1.568980e+00   7.073660e-01   3.099650e-02
  1.571710e+00   6.844580e-01   3.101800e-02
  1.574440e+00   7.192030e-01   3.129160e-02
  1.577180e+00   6.963940e-01   3.131470e-02
  1.579910e+00   6.551680e-01   3.118980e-02
  1.582650e+00   6.901240e-01   3.094800e-02
  1.585380e+00   6.401780e-01   3.094800e-02
  1.588120e+00   6.767660e-01   3.094460e-02
  1.590850e+00   6.703020e-01   3.078000e-02
  1.593580e+00   6.913770e-01   3.087520e-02
  1.596320e+00   6.466120e-01   3.090490e-02
  1.599050e+00   6.318120e-01   3.083210e-02
  1.601790e+00   6.067660e-01   3.085710e-02
  1.604520e+00   6.382240e-01   3.063190e-02
  1.607250e+00   6.088390e-01   3.061880e-02
  1.609990e+00   6.016890e-01   3.066150e-02
  1.612720e+00   5.983250e-01   3.076650e-02
  1.615460e+00   5.827320e-01   3.066850e-02
  1.618190e+00   5.626330e-01   3.045250e-02
  1.620920e+00   5.771900e-01   3.068880e-02
  1.623660e+00   5.565190e-01   3.061050e-02
  1.626390e+00   5.808090e-01   3.067740e-02
  1.629130e+00   5.396520e-01   3.028540e-02
  1.631860e+00   5.524990e-01   3.025100e-02
  1.634590e+00   5.612550e-01   3.054180e-02
  1.637330e+00   5.608790e-01   3.055810e-02
  1.640060e+00   5.060010e-01   2.999080e-02
  1.642800e+00   5.073570e-01   3.041700e-02
  1.645530e+00   5.546270e-01   3.053290e-02
  1.648260e+00   4.650260e-01   3.030450e-02
  1.651000e+00   5.079840e-01   2.981670e-02
  1.653730e+00   4.940600e-01   3.020470e-02
  1.656470e+00   4.847720e-01   3.078230e-02
  1.659200e+00   4.876680e-01   3.008800e-02
  1.661930e+00   4.928940e-01   3.013970e-02
  1.664670e+00   4.761040e-01   2.998120e-02
  1.667400e+00   4.659050e-01   2.981720e-02
  1.670140e+00   4.189230e-01   3.019170e-02
  1.672870e+00   4.384370e-01   3.012010e-02
  1.675600e+00   4.681650e-01   2.948890e-02
  1.678340e+00   3.952650e-01   2.996600e-02
  1.681070e+00   4.514990e-01   3.000280e-02
  1.683810e+00   4.244680e-01   3.005610e-02
  1.686540e+00   4.292950e-01   2.956750e-02
  1.689270e+00   4.416660e-01   2.995780e-02
  1.692010e+00   3.937340e-01   2.959060e-02
  1.694740e+00   3.864230e-01   2.982720e-02
  1.697480e+00   3.432760e-01   2.916540e-02
  1.700210e+00   4.511860e-01   2.998350e-02
  1.702950e+00   3.756500e-01   2.968590e-02
  1.705680e+00   3.654350e-01   2.967560e-02
  1.708410e+00   3.910110e-01   2.965980e-02
  1.711150e+00   3.512680e-01   2.938380e-02
  1.713880e+00   3.807070e-01   2.981070e-02
  1.716620e+00   3.347150e-01   2.957170e-02
  1.719350e+00   3.127800e-01   2.931990e-02
  1.722080e+00   3.306840e-01   2.944280e-02
  1.724820e+00   3.641750e-01   2.951660e-02
  1.727550e+00   3.354200e-01   2.964530e-02
  1.730290e+00   3.444740e-01   2.953910e-02
  1.733020e+00   3.290010e-01   2.926390e-02
  1.735750e+00   3.699530e-01   2.954890e-02
  1.738490e+00   3.231290e-01   2.913500e-02
  1.741220e+00   3.080560e-01   2.957860e-02
  1.743960e+00   2.950180e-01   2.912050e-02
  1.746690e+00   3.291230e-01   2.906960e-02
  1.749420e+00   2.903260e-01   2.916100e-02
  1.752160e+00   3.238420e-01   2.915490e-02
  1.754890e+00   3.084330e-01   2.914360e-02
  1.757630e+00   2.490840e-01   2.915370e-02
  1.760360e+00   2.459980e-01   2.900870e-02
  1.763090e+00   2.721970e-01   2.882020e-02
  1.765830e+00   2.807660e-01   2.905950e-02
  1.768560e+00   2.867180e-01   2.922100e-02
  1.771300e+00   2.247850e-01   2.916430e-02
  1.774030e+00   2.499310e-01   2.901690e-02
  1.776760e+00   2.583570e-01   2.901540e-02
  1.779500e+00   2.833030e-01   2.870500e-02
  1.782230e+00   2.489320e-01   2.865300e-02
  1.784970e+00   2.735120e-01   2.892120e-02
  1.787700e+00   2.531660e-01   2.887270e-02
  1.790430e+00   2.132020e-01   2.877390e-02
  1.793170e+00   2.292210e-01   2.879720e-02
  1.795900e+00   2.021950e-01   2.853620e-02
  1.798640e+00   2.232780e-01   2.890900e-02
  1.801370e+00   2.267270e-01   2.909010e-02
  1.804100e+00   1.912250e-01   2.866190e-02
  1.806840e+00   2.276660e-01   2.877150e-02
  1.809570e+00   2.054090e-01   2.883930e-02
  1.812310e+00   2.288280e-01   2.888400e-02
  1.815040e+00   1.667310e-01   2.866710e-02
  1.817770e+00   2.195230e-01   2.853690e-02
  1.820510e+00   1.796210e-01   2.880250e-02
  1.823240e+00   1.365820e-01   2.865690e-02
  1.825980e+00   2.276390e-01   2.864100e-02
  1.828710e+00   2.005660e-01   2.854540e-02
  1.831450e+00   2.025160e-01   2.820000e-02
  1.834180e+00   1.853520e-01   2.886400e-02
  1.836910e+00   1.608790e-01   2.876200e-02
  1.839650e+00   1.701360e-01   2.874360e-02
  1.842380e+00   2.010720e-01   2.850530e-02
  1.845120e+00   1.657970e-01   2.827580e-02
  1.847850e+00   1.448440e-01   2.844300e-02
  1.850580e+00   1.457750e-01   2.831140e-02
  1.853320e+00   1.746470e-01   2.871230e-02
  1.856050e+00   1.490750e-01   2.820410e-02
  1.858790e+00   1.860760e-01   2.834550e-02
  1.861520e+00   1.071630e-01   2.833530e-02
  1.864250e+00   1.443230e-01   2.832200e-02
  1.866990e+00   1.493350e-01   2.838620e-02
  1.869720e+00   1.898600e-01   2.869950e-02
  1.872460e+00   1.495400e-01   2.827180e-02
  1.875190e+00   1.401740e-01   2.843310e-02
  1.877920e+00   1.399330e-01   2.799680e-02
  1.880660e+00   1.107770e-01   2.818580e-02
  1.883390e+00   1.594290e-01   2.830570e-02
  1.886130e+00   1.384050e-01   2.832250e-02
  1.888860e+00   1.229260e-01   2.817380e-02
  1.891590e+00   9.242250e-02   2.803000e-02
  1.894330e+00   9.762740e-02   2.816600e-02
  1.897060e+00   1.403810e-01   2.803550e-02
  1.899800e+00   1.517340e-01   2.814850e-02
  1.902530e+00   1.260120e-01   2.785600e-02
  1.905260e+00   1.678370e-01   2.851640e-02
  1.908000e+00   1.017770e-01   2.795850e-02
  1.910730e+00   1.270980e-01   2.798350e-02
  1.913470e+00   1.580520e-01   2.833510e-02
  1.916200e+00   1.107500e-01   2.813440e-02
  1.918930e+00   1.335070e-01   2.801520e-02
  1.921670e+00   1.263530e-01   2.824320e-02
  1.924400e+00   1.228830e-01   2.791880e-02
  1.927140e+00   1.297360e-01   2.800330e-02
  1.929870e+00   1.268970e-01   2.803570e-02
  1.932600e+00   1.263580e-01   2.809700e-02
  1.935340e+00   1.336030e-01   2.819230e-02
  1.938070e+00   1.419820e-01   2.788790e-02
  1.940810e+00   1.536840e-01   2.808670e-02
  1.943540e+00   1.068240e-01   2.770850e-02
  1.946270e+00   7.089300e-02   2.789180e-02
  1.949010e+00   7.689250e-02   2.785340e-02
  1.951740e+00   1.585440e-01   2.793210e-02
  1.954480e+00   6.843920e-02   2.799010e-02
  1.957210e+00   1.430480e-01   2.819380e-02
  1.959950e+00   5.982290e-02   2.758510e-02
  1.962680e+00   8.317800e-02   2.816990e-02
  1.965410e+00   1.272720e-01   2.799960e-02
  1.968150e+00   8.830710e-02   2.796090e-02
  1.970880e+00   7.981410e-02   2.811350e-02
  1.973620e+00   1.321630e-01   2.808410e-02
  1.976350e+00   1.275430e-01   2.788710e-02
  1.979080e+00   9.817500e-02   2.799510e-02
  1.981820e+00   8.029840e-02   2.770600e-02
  1.984550e+00   6.464130e-02   2.771350e-02
  1.987290e+00   1.303440e-01   2.782770e-02
  1.990020e+00   7.676770e-02   2.800560e-02
  1.992750e+00   1.156430e-01   2.823600e-02
  1.995490e+00   8.841470e-02   2.774250e-02
  1.998220e+00   1.437100e-01   2.786360e-02
  2.000960e+00   1.154760e-01   2.790000e-02
  2.003690e+00   9.833590e-02   2.801580e-02
  2.006420e+00   1.168710e-01   2.776170e-02
  2.009160e+00   1.057310e-01   2.789320e-02
  2.011890e+00   7.029010e-02   2.771740e-02
  2.014630e+00   9.361480e-02   2.775610e-02
  2.017360e+00   1.265570e-01   2.792310e-02
  2.020090e+00   1.049760e-01   2.777090e-02
  2.022830e+00   1.048710e-01   2.794500e-02
  2.025560e+00   1.422330e-01   2.807080e-02
  2.028300e+00   1.443430e-01   2.759680e-02
  2.031030e+00   1.123380e-01   2.785810e-02
  2.033760e+00   1.461690e-01   2.819620e-02
  2.036500e+00   8.856420e-02   2.770870e-02
  2.039230e+00   1.130490e-01   2.782070e-02
  2.041970e+00   1.451150e-01   2.821580e-02
  2.044700e+00   5.599400e-02   2.788850e-02
  2.047430e+00   1.224540e-01   2.769910e-02
  2.050170e+00   7.808360e-02   2.767790e-02
  2.052900e+00   1.115810e-01   2.791010e-02
  2.055640e+00   1.227930e-01   2.794670e-02
  2.058370e+00   1.232700e-01   2.781960e-02
  2.061100e+00   8.323910e-02   2.783950e-02
  2.063840e+00   1.299890e-01   2.785910e-02
  2.066570e+00   1.263980e-01   2.793970e-02
  2.069310e+00   1.406460e-01   2.821550e-02
  2.072040e+00   1.703750e-01   2.802520e-02
  2.074770e+00   1.177050e-01   2.779220e-02
  2.077510e+00   1.965300e-01   2.790650e-02
  2.080240e+00   9.083650e-02   2.762390e-02
  2.082980e+00   1.221180e-01   2.774820e-02
  2.085710e+00   1.373120e-01   2.793130e-02
  2.088450e+00   1.202820e-01   2.786140e-02
  2.091180e+00   1.083520e-01   2.797570e-02
  2.093910e+00   1.524830e-01   2.786690e-02
  2.096650e+00   1.394780e-01   2.776170e-02
  2.099380e+00   1.136630e-01   2.772500e-02
  2.102120e+00   8.914020e-02   2.769690e-02
  2.104850e+00   8.754620e-02   2.787660e-02
  2.107580e+00   1.191950e-01   2.780870e-02
  2.110320e+00   1.408620e-01   2.782380e-02
  2.113050e+00   1.462450e-01   2.767680e-02
  2.115790e+00   1.571220e-01   2.785440e-02
  2.118520e+00   1.612770e-01   2.756880e-02
  2.121250e+00   1.232190e-01   2.769930e-02
  2.123990e+00   1.564170e-01   2.787730e-02
  2.126720e+00   1.665450e-01   2.808460e-02
  2.129460e+00   1.392790e-01   2.764010e-02
  2.132190e+00   1.512720e-01   2.782910e-02
  2.134920e+00   1.703380e-01   2.780980e-02
  2.137660e+00   1.626520e-01   2.764120e-02
  2.140390e+00   1.981260e-01   2.785070e-02
  2.143130e+00   1.177480e-01   2.784510e-02
  2.145860e+00   1.380920e-01   2.778770e-02
  2.148590e+00   1.765380e-01   2.763580e-02
  2.151330e+00   1.807030e-01   2.789480e-02
  2.154060e+00   1.905870e-01   2.785880e-02
  2.156800e+00   1.754100e-01   2.768190e-02
  2.159530e+00   1.852580e-01   2.785020e-02
  2.162260e+00   1.017070e-01   2.749740e-02
  2.165000e+00   1.428620e-01   2.754990e-02
  2.167730e+00   1.858550e-01   2.777690e-02
  2.170470e+00   1.016730e-01   2.746970e-02
  2.173200e+00   1.219850e-01   2.752860e-02
  2.175930e+00   1.581850e-01   2.775550e-02
  2.178670e+00   1.500520e-01   2.777490e-02
  2.181400e+00   1.646500e-01   2.782870e-02
  2.184140e+00   1.450230e-01   2.761030e-02
  2.186870e+00   1.683460e-01   2.795660e-02
  2.189600e+00   1.492140e-01   2.782910e-02
  2.192340e+00   1.312890e-01   2.751090e-02
  2.195070e+00   1.571900e-01   2.765400e-02
  2.197810e+00   1.198750e-01   2.734570e-02
  2.200540e+00   1.815310e-01   2.792440e-02
  2.203280e+00   1.513370e-01   2.782630e-02
  2.206010e+00   1.488260e-01   2.759840e-02
  2.208740e+00   1.494420e-01   2.777480e-02
  2.211480e+00   1.567590e-01   2.765100e-02
  2.214210e+00   1.916850e-01   2.749880e-02
  2.216950e+00   9.158600e-02   2.762250e-02
  2.219680e+00   1.517120e-01   2.747360e-02
  2.222410e+00   1.937750e-01   2.779560e-02
  2.225150e+00   1.621300e-01   2.756000e-02
  2.227880e+00   1.846790e-01   2.794050e-02
  2.230620e+00   2.063230e-01   2.787180e-02
  2.233350e+00   1.838740e-01   2.770230e-02
  2.236080e+00   1.541370e-01   2.771040e-02
  2.238820e+00   1.697150e-01   2.747570e-02
  2.241550e+00   1.922420e-01   2.814460e-02
  2.244290e+00   2.226010e-01   2.775060e-02
  2.247020e+00   1.837360e-01   2.763010e-02
  2.249750e+00   1.894920e-01   2.771960e-02
  2.252490e+00   1.161260e-01   2.743040e-02
  2.255220e+00   1.706140e-01   2.760800e-02
  2.257960e+00   1.732390e-01   2.757200e-02
  2.260690e+00   1.889280e-01   2.770700e-02
  2.263420e+00   2.193750e-01   2.775250e-02
  2.266160e+00   2.411850e-01   2.787400e-02
  2.268890e+00   1.549560e-01   2.765850e-02
  2.271630e+00   1.751760e-01   2.759430e-02
  2.274360e+00   2.092210e-01   2.749730e-02
  2.277090e+00   1.676840e-01   2.757390e-02
  2.279830e+00   1.750670e-01   2.754950e-02
  2.282560e+00   1.512230e-01   2.751970e-02
  2.285300e+00   1.715660e-01   2.751530e-02
  2.288030e+00   1.734370e-01   2.767700e-02
  2.290760e+00   1.667470e-01   2.763470e-02
  2.293500e+00   1.725530e-01   2.752050e-02
  2.296230e+00   1.345680e-01   2.735060e-02
  2.298970e+00   2.020080e-01   2.754180e-02
  2.301700e+00   1.478210e-01   2.733820e-02
  2.304430e+00   1.551230e-01   2.752550e-02
  2.307170e+00   1.940850e-01   2.742400e-02
  2.309900e+00   1.882390e-01   2.769310e-02
  2.312640e+00   1.505350e-01   2.758590e-02
  2.315370e+00   2.059900e-01   2.734960e-02
  2.318100e+00   2.066880e-01   2.754980e-02
  2.320840e+00   1.735860e-01   2.744570e-02
  2.323570e+00   1.881590e-01   2.745090e-02
  2.326310e+00   1.984960e-01   2.734030e-02
  2.329040e+00   1.549180e-01   2.729410e-02
  2.331780e+00   1.879400e-01   2.736610e-02
  2.334510e+00   1.452180e-01   2.749910e-02
  2.337240e+00   1.714300e-01   2.724460e-02
  2.339980e+00   1.571570e-01   2.741850e-02
  2.342710e+00   1.551660e-01   2.757060e-02
  2.345450e+00   1.545140e-01   2.735110e-02
  2.348180e+00   1.888420e-01   2.757450e-02
  2.350910e+00   1.512920e-01   2.723740e-02
  2.353650e+00   1.805750e-01   2.755800e-02
  2.356380e+00   2.138400e-01   2.739890e-02
  2.359120e+00   1.639490e-01   2.743010e-02
  2.361850e+00   1.988400e-01   2.764240e-02
  2.364580e+00   2.031640e-01   2.760030e-02
  2.367320e+00   1.587460e-01   2.736180e-02
  2.370050e+00   1.811820e-01   2.748450e-02
  2.372790e+00   1.693770e-01   2.717140e-02
  2.375520e+00   1.806770e-01   2.747090e-02
  2.378250e+00   1.943710e-01   2.736340e-02
  2.380990e+00   1.697190e-01   2.739080e-02
  2.383720e+00   1.330630e-01   2.698260e-02
  2.386460e+00   1.857980e-01   2.759060e-02
  2.389190e+00   2.022840e-01   2.732050e-02
  2.391920e+00   2.168810e-01   2.741560e-02
  2.394660e+00   1.881300e-01   2.756000e-02
  2.397390e+00   1.866840e-01   2.745260e-02
  2.400130e+00   1.817500e-01   2.735790e-02
  2.402860e+00   2.064490e-01   2.755920e-02
  2.405590e+00   1.658450e-01   2.718790e-02
  2.408330e+00   1.317440e-01   2.733470e-02
  2.411060e+00   1.607910e-01   2.713690e-02
  2.413800e+00   1.761700e-01   2.745760e-02
  2.416530e+00   1.401340e-01   2.714670e-02
  2.419260e+00   2.105120e-01   2.716840e-02
  2.422000e+00   1.878100e-01   2.700350e-02
  2.424730e+00   2.059120e-01   2.704500e-02
  2.427470e+00   1.999740e-01   2.728470e-02
  2.430200e+00   1.412770e-01   2.728610e-02
  2.432930e+00   1.624000e-01   2.713310e-02
  2.435670e+00   1.569040e-01   2.739550e-02
  2.438400e+00   1.896030e-01   2.680880e-02
  2.441140e+00   1.707420e-01   2.737710e-02
  2.443870e+00   9.038250e-02   2.704380e-02
  2.446600e+00   1.766700e-01   2.754930e-02
  2.449340e+00   1.205670e-01   2.717760e-02
  2.452070e+00   1.745060e-01   2.716640e-02
  2.454810e+00   1.621830e-01   2.720640e-02
  2.457540e+00   1.459070e-01   2.694990e-02
  2.460280e+00   1.188860e-01   2.713560e-02
  2.463010e+00   1.364720e-01   2.710010e-02
  2.465740e+00   1.857120e-01   2.707450e-02
  2.468480e+00   1.667260e-01   2.703710e-02
  2.471210e+00   1.311730e-01   2.708130e-02
  2.473950e+00   1.580750e-01   2.707420e-02
  2.476680e+00   1.728420e-01   2.715560e-02
  2.479410e+00   1.957320e-01   2.712320e-02
  2.482150e+00   1.158050e-01   2.701340e-02
  2.484880e+00   1.500060e-01   2.690610e-02
  2.487620e+00   1.545210e-01   2.703560e-02
  2.490350e+00   1.572080e-01   2.720510e-02
  2.493080e+00   1.707810e-01   2.682330e-02
  2.495820e+00   1.306690e-01   2.698580e-02
  2.498550e+00   1.346760e-01   2.692920e-02
  2.501290e+00   1.197250e-01   2.680340e-02
  2.504020e+00   1.235160e-01   2.696680e-02
  2.506750e+00   1.970180e-01   2.710160e-02
  2.509490e+00   1.478100e-01   2.696060e-02
  2.512220e+00   1.506710e-01   2.717180e-02
  2.514960e+00   1.317180e-01   2.715470e-02
  2.517690e+00   1.714930e-01   2.678580e-02
  2.520420e+00   1.495430e-01   2.694250e-02
  2.523160e+00   1.519600e-01   2.707590e-02
  2.525890e+00   1.054880e-01   2.688420e-02
  2.528630e+00   1.474510e-01   2.683520e-02
  2.531360e+00   1.536810e-01   2.708360e-02
  2.534090e+00   1.523930e-01   2.680880e-02
  2.536830e+00   1.449770e-01   2.709790e-02
  2.539560e+00   1.310400e-01   2.671450e-02
  2.542300e+00   1.265530e-01   2.695760e-02
  2.545030e+00   1.683200e-01   2.697970e-02
  2.547760e+00   1.458940e-01   2.668080e-02
  2.550500e+00   1.777790e-01   2.705020e-02
  2.553230e+00   1.342490e-01   2.682160e-02
  2.555970e+00   1.606600e-01   2.700450e-02
  2.558700e+00   1.493710e-01   2.674880e-02
  2.561430e+00   1.579130e-01   2.661700e-02
  2.564170e+00   1.610160e-01   2.679390e-02
  2.566900e+00   1.248990e-01   2.664470e-02
  2.569640e+00   1.055730e-01   2.682790e-02
  2.572370e+00   1.414810e-01   2.653590e-02
  2.575100e+00   1.043350e-01   2.646580e-02
  2.577840e+00   1.447480e-01   2.678140e-02
  2.580570e+00   1.533460e-01   2.694360e-02
  2.583310e+00   1.691330e-01   2.976390e-02
  2.586040e+00   1.176200e-01   3.143560e-02
  2.588780e+00   1.516710e-01   3.325660e-02
  2.591510e+00   1.183320e-01   3.398150e-02
  2.594240e+00   1.221570e-01   3.479860e-02
  2.596980e+00   7.518510e-02   3.644860e-02
  2.599710e+00   1.031990e-01   3.783730e-02
  2.602450e+00   1.238790e-01   3.908280e-02
  2.605180e+00   1.206980e-01   3.940280e-02
  2.607910e+00   1.165630e-01   4.082080e-02
  2.610650e+00   1.561380e-01   4.144870e-02
  2.613380e+00   1.215030e-01   4.231340e-02
  2.616120e+00   9.420060e-02   3.442140e-02
  2.618850e+00   1.219090e-01   3.295370e-02
  2.621580e+00   1.289120e-01   3.201000e-02
  2.624320e+00   1.724540e-01   3.153680e-02
  2.627050e+00   1.140210e-01   3.088450e-02
  2.629790e+00   9.221330e-02   3.033680e-02
  2.632520e+00   1.275820e-01   2.974730e-02
  2.635250e+00   7.879880e-02   2.949450e-02
  2.637990e+00   1.033340e-01   2.960400e-02
  2.640720e+00   1.049830e-01   2.921350e-02
  2.643460e+00   7.385200e-02   2.926570e-02
  2.646190e+00   1.227110e-01   2.953770e-02
  2.648920e+00   5.961390e-02   2.897990e-02
  2.651660e+00   1.152450e-01   2.913270e-02
  2.654390e+00   1.380470e-01   2.902240e-02
  2.657130e+00   1.108210e-01   2.908530e-02
  2.659860e+00   1.272020e-01   2.898350e-02
  2.662590e+00   1.318210e-01   2.909830e-02
  2.665330e+00   1.003010e-01   2.870570e-02
  2.668060e+00   1.066960e-01   2.902680e-02
  2.670800e+00   7.467930e-02   2.867280e-02
  2.673530e+00   1.063780e-01   2.868780e-02
  2.676260e+00   6.859200e-02   2.874000e-02
  2.679000e+00   1.186510e-01   2.883040e-02
  2.681730e+00   9.622660e-02   2.852900e-02
  2.684470e+00   8.813710e-02   2.854340e-02
  2.687200e+00   8.501450e-02   2.836930e-02
  2.689930e+00   1.159380e-01   2.882060e-02
  2.692670e+00   8.976380e-02   2.849770e-02
  2.695400e+00   9.516110e-02   2.864280e-02
  2.698140e+00   7.853930e-02   2.843810e-02
  2.700870e+00   1.510910e-01   2.831900e-02
  2.703610e+00   1.251110e-01   2.824010e-02
  2.706340e+00   9.137130e-02   2.811790e-02
  2.709070e+00   1.327750e-01   2.821270e-02
  2.711810e+00   5.821850e-02   2.767400e-02
  2.714540e+00   7.182960e-02   2.770830e-02
  2.717280e+00   1.283600e-01   2.765930e-02
  2.720010e+00   6.710950e-02   2.714410e-02
  2.722740e+00   1.301250e-01   2.718270e-02
  2.725480e+00   1.182040e-01   2.715100e-02
  2.728210e+00   8.373030e-02   2.726290e-02
  2.730950e+00   7.304530e-02   2.705820e-02
  2.733680e+00   1.011850e-01   2.712380e-02
  2.736410e+00   8.268060e-02   2.709170e-02
  2.739150e+00   6.864490e-02   2.690490e-02
  2.741880e+00   8.615570e-02   2.695640e-02
  2.744620e+00   1.143170e-01   2.696010e-02
  2.747350e+00   8.237470e-02   2.684960e-02
  2.750080e+00   1.139770e-01   2.711820e-02
  2.752820e+00   1.432670e-01   2.729500e-02
  2.755550e+00   1.278910e-01   2.725990e-02
  2.758290e+00   3.936980e-02   2.691700e-02
  2.761020e+00   1.113490e-01   2.698310e-02
  2.763750e+00   7.906470e-02   2.725440e-02
  2.766490e+00   7.273110e-02   2.707500e-02
  2.769220e+00   9.980830e-02   2.706000e-02
  2.771960e+00   5.268610e-02   2.671700e-02
  2.774690e+00   1.161480e-01   2.689490e-02
  2.777420e+00   1.222040e-01   2.703300e-02
  2.780160e+00   1.169600e-01   2.683430e-02
  2.782890e+00   9.979410e-02   2.691840e-02
  2.785630e+00   8.419150e-02   2.696510e-02
  2.788360e+00   8.283140e-02   2.674240e-02
  2.791090e+00   8.327480e-02   2.681620e-02
  2.793830e+00   1.228830e-01   2.709800e-02
  2.796560e+00   1.116680e-01   2.706490e-02
  2.799300e+00   6.805270e-02   2.694790e-02
  2.802030e+00   1.078230e-01   2.686050e-02
  2.804760e+00   1.110300e-01   2.704430e-02
  2.807500e+00   8.825800e-02   2.686920e-02
  2.810230e+00   9.988110e-02   2.693740e-02
  2.812970e+00   8.314510e-02   2.709920e-02
  2.815700e+00   5.308100e-02   2.677900e-02
  2.818430e+00   7.984990e-02   2.665030e-02
  2.821170e+00   6.283040e-02   2.691360e-02
  2.823900e+00   1.096840e-01   2.702830e-02
  2.826640e+00   1.030770e-01   2.697880e-02
  2.829370e+00   9.880070e-02   2.665780e-02
  2.832110e+00   6.329240e-02   2.682430e-02
  2.834840e+00   7.331430e-02   2.678320e-02
  2.837570e+00   1.020510e-01   2.690460e-02
  2.840310e+00   1.147870e-01   2.687650e-02
  2.843040e+00   9.825230e-02   2.690610e-02
  2.845780e+00   7.416610e-02   2.669200e-02
  2.848510e+00   1.116950e-01   2.711300e-02
  2.851240e+00   1.050170e-01   2.687400e-02
  2.853980e+00   1.352080e-01   2.664000e-02
  2.856710e+00   1.107940e-01   2.678560e-02
  2.859450e+00   1.188300e-01   2.680010e-02
  2.862180e+00   5.361500e-02   2.685050e-02
  2.864910e+00   9.759750e-02   2.678840e-02
  2.867650e+00   5.317210e-02   2.688630e-02
  2.870380e+00   6.823970e-02   2.678740e-02
  2.873120e+00   7.235670e-02   2.659960e-02
  2.875850e+00   9.566690e-02   2.661040e-02
  2.878580e+00   1.387950e-01   2.682100e-02
  2.881320e+00   8.137480e-02   2.675300e-02
  2.884050e+00   9.733790e-02   2.690240e-02
  2.886790e+00   1.052140e-01   2.671190e-02
  2.889520e+00   1.205640e-01   2.698130e-02
  2.892250e+00   1.042390e-01   2.693200e-02
  2.894990e+00   1.501640e-01   2.686650e-02
  2.897720e+00   1.120540e-01   2.655680e-02
  2.900460e+00   1.454960e-01   2.679760e-02
  2.903190e+00   1.368170e-01   2.680520e-02
  2.905920e+00   9.451750e-02   2.647080e-02
  2.908660e+00   1.076200e-01   2.672950e-02
  2.911390e+00   1.342620e-01   2.685920e-02
  2.914130e+00   8.246030e-02   2.652620e-02
  2.916860e+00   8.629920e-02   2.664230e-02
  2.919590e+00   7.755980e-02   2.660940e-02
  2.922330e+00   1.153120e-01   2.664810e-02
  2.925060e+00   1.573310e-01   2.683800e-02
  2.927800e+00   9.422100e-02   2.678170e-02
  2.930530e+00   9.549900e-02   2.656090e-02
  2.933260e+00   1.314660e-01   2.671450e-02
  2.936000e+00   1.066460e-01   2.679000e-02
  2.938730e+00   1.344960e-01   2.669700e-02
  2.941470e+00   8.157400e-02   2.659600e-02
  2.944200e+00   8.349990e-02   2.668100e-02
  2.946930e+00   1.269010e-01   2.687100e-02
  2.949670e+00   1.217430e-01   2.659930e-02
  2.952400e+00   1.247520e-01   2.673510e-02
  2.955140e+00   9.864380e-02   2.689880e-02
  2.957870e+00   9.385770e-02   2.690900e-02
  2.960610e+00   1.181360e-01   2.669340e-02
  2.963340e+00   9.910930e-02   2.662280e-02
  2.966070e+00   7.724680e-02   2.640790e-02
  2.968810e+00   1.056470e-01   2.673520e-02
  2.971540e+00   1.466050e-01   2.687910e-02
  2.974280e+00   1.463150e-01   2.673900e-02
  2.977010e+00   1.333190e-01   2.686350e-02
  2.979740e+00   7.055830e-02   2.665580e-02
  2.982480e+00   1.122830e-01   2.664120e-02
  2.985210e+00   1.004430e-01   2.670390e-02
  2.987950e+00   1.335740e-01   2.672450e-02
  2.990680e+00   9.055760e-02   2.664470e-02
  2.993410e+00   9.889380e-02   2.663650e-02
  2.996150e+00   1.067110e-01   2.668840e-02
  2.998880e+00   1.364390e-01   2.669860e-02
  3.001620e+00   1.226310e-01   2.668040e-02
  3.004350e+00   1.131990e-01   2.669120e-02
  3.007080e+00   9.608770e-02   2.643650e-02
  3.009820e+00   1.234430e-01   2.674730e-02
  3.012550e+00   1.063400e-01   2.659200e-02
  3.015290e+00   1.271500e-01   2.645650e-02
  3.018020e+00   6.502150e-02   2.633670e-02
  3.020750e+00   1.609960e-01   2.645620e-02
  3.023490e+00   1.368240e-01   2.670760e-02
  3.026220e+00   1.317860e-01   2.653260e-02
  3.028960e+00   1.269350e-01   2.665190e-02
  3.031690e+00   7.934780e-02   2.657350e-02
  3.034420e+00   7.777720e-02   2.650160e-02
  3.037160e+00   1.334350e-01   2.668070e-02
  3.039890e+00   1.047220e-01   2.656860e-02
  3.042630e+00   9.781120e-02   2.668480e-02
  3.045360e+00   1.129090e-01   2.654820e-02
  3.048090e+00   1.337950e-01   2.660150e-02
  3.050830e+00   1.185520e-01   2.665700e-02
  3.053560e+00   9.637180e-02   2.655630e-02
  3.056300e+00   1.375320e-01   2.671930e-02
  3.059030e+00   5.622900e-02   2.645010e-02
  3.061760e+00   1.160780e-01   2.654820e-02
  3.064500e+00   1.309490e-01   2.663240e-02
  3.067230e+00   8.577910e-02   2.657400e-02
  3.069970e+00   1.234850e-01   2.646330e-02
  3.072700e+00   1.456800e-01   2.644390e-02
  3.075430e+00   1.355500e-01   2.656200e-02
  3.078170e+00   1.775320e-01   2.675090e-02
  3.080900e+00   1.913150e-01   2.682420e-02
  3.083640e+00   1.107630e-01   2.640680e-02
  3.086370e+00   1.253230e-01   2.639470e-02
  3.089110e+00   1.499750e-01   2.668920e-02
  3.091840e+00   1.280250e-01   2.673510e-02
  3.094570e+00   1.451860e-01   2.634550e-02
  3.097310e+00   1.360020e-01   2.645810e-02
  3.100040e+00   9.997350e-02   2.642380e-02
  3.102780e+00   1.413880e-01   2.668010e-02
  3.105510e+00   1.146360e-01   2.651880e-02
  3.108240e+00   1.347090e-01   2.659190e-02
  3.110980e+00   1.414820e-01   2.662650e-02
  3.113710e+00   1.192670e-01   2.650330e-02
  3.116450e+00   1.360850e-01   2.652600e-02
  3.119180e+00   1.523700e-01   2.645940e-02
  3.121910e+00   8.882380e-02   2.650430e-02
  3.124650e+00   1.186910e-01   2.649090e-02
  3.127380e+00   1.493860e-01   2.660040e-02
  3.130120e+00   2.066970e-01   2.670700e-02
  3.132850e+00   1.301310e-01   2.643520e-02
  3.135580e+00   1.587750e-01   2.634050e-02
  3.138320e+00   1.499470e-01   2.663310e-02
  3.141050e+00   1.740090e-01   2.656790e-02
  3.143790e+00   1.797060e-01   2.668670e-02
  3.146520e+00   1.279520e-01   2.642260e-02
  3.149250e+00   1.230130e-01   2.645440e-02
  3.151990e+00   1.243000e-01   2.656620e-02
  3.154720e+00   9.856080e-02   2.646160e-02
  3.157460e+00   1.278440e-01   2.643670e-02
  3.160190e+00   1.589190e-01   2.644440e-02
  3.162920e+00   1.546720e-01   2.625020e-02
  3.165660e+00   1.196440e-01   2.653960e-02
  3.168390e+00   8.416180e-02   2.626580e-02
  3.171130e+00   1.530350e-01   2.648000e-02
  3.173860e+00   1.395140e-01   2.651680e-02
  3.176590e+00   1.819620e-01   2.633550e-02
  3.179330e+00   1.449640e-01   2.653430e-02
  3.182060e+00   1.006900e-01   2.630580e-02
  3.184800e+00   1.418610e-01   2.640160e-02
  3.187530e+00   1.318020e-01   2.648040e-02
  3.190260e+00   1.243940e-01   2.614990e-02
  3.193000e+00   7.811970e-02   2.637300e-02
  3.195730e+00   1.296120e-01   2.638540e-02
  3.198470e+00   1.468400e-01   2.661790e-02
  3.201200e+00   1.298260e-01   2.617410e-02
  3.203940e+00   1.373010e-01   2.655040e-02
  3.206670e+00   1.999690e-01   2.647220e-02
  3.209400e+00   1.449730e-01   2.621070e-02
  3.212140e+00   1.368870e-01   2.647890e-02
  3.214870e+00   1.559560e-01   2.632520e-02
  3.217610e+00   1.085710e-01   2.655870e-02
  3.220340e+00   1.222020e-01   2.643540e-02
  3.223070e+00   1.029100e-01   2.603010e-02
  3.225810e+00   1.348220e-01   2.636780e-02
  3.228540e+00   1.681390e-01   2.640830e-02
  3.231280e+00   1.387960e-01   2.642030e-02
  3.234010e+00   1.609860e-01   2.648560e-02
  3.236740e+00   1.470060e-01   2.655960e-02
  3.239480e+00   1.340100e-01   2.642590e-02
  3.242210e+00   1.555150e-01   2.655540e-02
  3.244950e+00   1.179990e-01   2.621800e-02
  3.247680e+00   1.348140e-01   2.634640e-02
  3.250410e+00   1.774410e-01   2.648490e-02
  3.253150e+00   1.529270e-01   2.640260e-02
  3.255880e+00   1.631930e-01   2.653360e-02
  3.258620e+00   1.335470e-01   2.642490e-02
  3.261350e+00   1.120300e-01   2.633780e-02
  3.264080e+00   1.593270e-01   2.653940e-02
  3.266820e+00   1.434560e-01   2.636520e-02
  3.269550e+00   1.535460e-01   2.629470e-02
  3.272290e+00   1.661040e-01   2.618460e-02
  3.275020e+00   1.451110e-01   2.634990e-02
  3.277750e+00   1.375150e-01   2.615310e-02
  3.280490e+00   1.450590e-01   2.653560e-02
  3.283220e+00   1.499040e-01   2.635670e-02
  3.285960e+00   1.241410e-01   2.600850e-02
  3.288690e+00   9.445760e-02   2.594650e-02
  3.291420e+00   1.311320e-01   2.628050e-02
  3.294160e+00   1.443880e-01   2.616810e-02
  3.296890e+00   1.605620e-01   2.615790e-02
  3.299630e+00   1.503230e-01   2.646280e-02
  3.302360e+00   1.655710e-01   2.640900e-02
  3.305090e+00   1.379780e-01   2.640670e-02
  3.307830e+00   1.262560e-01   2.630140e-02
  3.310560e+00   1.583370e-01   2.652220e-02
  3.313300e+00   1.452100e-01   2.646680e-02
  3.316030e+00   1.471740e-01   2.630570e-02
  3.318760e+00   1.738120e-01   2.637530e-02
  3.321500e+00   1.444890e-01   2.615590e-02
  3.324230e+00   1.103360e-01   2.629800e-02
  3.326970e+00   1.116230e-01   2.630170e-02
  3.329700e+00   1.272960e-01   2.645070e-02
  3.332440e+00   1.136280e-01   2.601620e-02
  3.335170e+00   1.543250e-01   2.634560e-02
  3.337900e+00   1.794640e-01   2.658720e-02
  3.340640e+00   1.429410e-01   2.654980e-02
  3.343370e+00   1.721200e-01   2.632980e-02
  3.346110e+00   1.340830e-01   2.615760e-02
  3.348840e+00   1.582340e-01   2.624920e-02
  3.351570e+00   9.550920e-02   2.606120e-02
  3.354310e+00   1.599360e-01   2.644120e-02
  3.357040e+00   1.425920e-01   2.615760e-02
  3.359780e+00   1.557080e-01   2.614930e-02
  3.362510e+00   1.591640e-01   2.616690e-02
  3.365240e+00   1.154300e-01   2.608600e-02
  3.367980e+00   1.606400e-01   2.634000e-02
  3.370710e+00   1.947700e-01   2.663530e-02
  3.373450e+00   1.326350e-01   2.613950e-02
  3.376180e+00   1.519220e-01   2.627320e-02
  3.378910e+00   1.502250e-01   2.617010e-02
  3.381650e+00   1.351380e-01   2.614930e-02
  3.384380e+00   1.736470e-01   2.631470e-02
  3.387120e+00   1.426230e-01   2.604500e-02
  3.389850e+00   1.214580e-01   2.607180e-02
  3.392580e+00   1.276300e-01   2.624020e-02
  3.395320e+00   1.461710e-01   2.633650e-02
  3.398050e+00   1.248430e-01   2.628390e-02
  3.400790e+00   1.088270e-01   2.627450e-02
  3.403520e+00   1.482570e-01   2.618530e-02
  3.406250e+00   1.327520e-01   2.613050e-02
  3.408990e+00   1.232320e-01   2.628840e-02
  3.411720e+00   2.014230e-01   2.635010e-02
  3.414460e+00   1.387330e-01   2.625930e-02
  3.417190e+00   1.512420e-01   2.611440e-02
  3.419920e+00   1.620240e-01   2.628120e-02
  3.422660e+00   1.125950e-01   2.611440e-02
  3.425390e+00   1.275270e-01   2.627700e-02
  3.428130e+00   1.691140e-01   2.648230e-02
  3.430860e+00   1.705710e-01   2.621330e-02
  3.433590e+00   1.426830e-01   2.603460e-02
  3.436330e+00   8.981120e-02   2.608300e-02
  3.439060e+00   1.155180e-01   2.621990e-02
  3.441800e+00   1.250960e-01   2.614820e-02
  3.444530e+00   1.210900e-01   2.602900e-02
  3.447260e+00   1.368820e-01   2.622170e-02
  3.450000e+00   1.541320e-01   2.611250e-02
  3.452730e+00   1.585780e-01   2.612030e-02
  3.455470e+00   1.490680e-01   2.619470e-02
  3.458200e+00   1.217900e-01   2.587670e-02
  3.460940e+00   1.171250e-01   2.613330e-02
  3.463670e+00   1.196370e-01   2.607400e-02
  3.466400e+00   1.662370e-01   2.620540e-02
  3.469140e+00   1.437070e-01   2.632190e-02
  3.471870e+00   1.656160e-01   2.630330e-02
  3.474610e+00   1.035910e-01   2.589230e-02
  3.477340e+00   1.437040e-01   2.616960e-02
  3.480070e+00   1.468450e-01   2.605140e-02
  3.482810e+00   1.451170e-01   2.611450e-02
  3.485540e+00   1.265170e-01   2.617770e-02
  3.488280e+00   1.612090e-01   2.631680e-02
  3.491010e+00   1.220400e-01   2.603880e-02
  3.493740e+00   1.141320e-01   2.617000e-02
  3.496480e+00   1.832230e-01   2.622370e-02
  3.499210e+00   1.442180e-01   2.624680e-02
  3.501950e+00   1.270180e-01   2.638000e-02
  3.504680e+00   1.326840e-01   2.637510e-02
  3.507410e+00   1.789640e-01   2.627660e-02
  3.510150e+00   1.162870e-01   2.611840e-02
  3.512880e+00   1.661950e-01   2.599270e-02
  3.515620e+00   1.256930e-01   2.592860e-02
  3.518350e+00   1.229900e-01   2.609790e-02
  3.521080e+00   1.156540e-01   2.618590e-02
  3.523820e+00   1.451230e-01   2.602070e-02
  3.526550e+00   1.342320e-01   2.621400e-02
  3.529290e+00   1.753740e-01   2.630600e-02
  3.532020e+00   1.226570e-01   2.614040e-02
  3.534750e+00   1.566370e-01   2.603560e-02
  3.537490e+00   8.080850e-02   2.604670e-02
  3.540220e+00   1.335420e-01   2.610490e-02
  3.542960e+00   1.356840e-01   2.616010e-02
  3.545690e+00   1.239450e-01   2.598730e-02
  3.548420e+00   1.408210e-01   2.594640e-02
  3.551160e+00   1.581660e-01   2.622850e-02
  3.553890e+00   1.097200e-01   2.602990e-02
  3.556630e+00   1.583260e-01   2.619660e-02
  3.559360e+00   1.066510e-01   2.605080e-02
  3.562090e+00   1.184610e-01   2.620180e-02
  3.564830e+00   5.472050e-02   2.600320e-02
  3.567560e+00   1.296150e-01   2.617310e-02
  3.570300e+00   1.244750e-01   2.589330e-02
  3.573030e+00   1.218060e-01   2.616020e-02
  3.575770e+00   1.597790e-01   2.598400e-02
  3.578500e+00   1.144190e-01   2.600710e-02
  3.581230e+00   1.095060e-01   2.609670e-02
  3.583970e+00   1.262900e-01   2.617320e-02
  3.586700e+00   1.333980e-01   2.601780e-02
  3.589440e+00   1.229580e-01   2.598870e-02
  3.592170e+00   1.383230e-01   2.611250e-02
  3.594900e+00   5.748680e-02   2.586220e-02
  3.597640e+00   1.463840e-01   2.616230e-02
  3.600370e+00   9.699470e-02   2.601390e-02
  3.603110e+00   1.694000e-01   2.616570e-02
  3.605840e+00   1.292110e-01   2.600630e-02
  3.608570e+00   1.142450e-01   2.582740e-02
  3.611310e+00   1.050980e-01   2.607110e-02
  3.614040e+00   1.045850e-01   2.584940e-02
  3.616780e+00   9.976680e-02   2.602770e-02
  3.619510e+00   1.015000e-01   2.597470e-02
  3.622240e+00   1.264030e-01   2.608670e-02
  3.624980e+00   1.612250e-01   2.611880e-02
  3.627710e+00   1.215060e-01   2.603220e-02
  3.630450e+00   1.272860e-01   2.589200e-02
  3.633180e+00   1.207090e-01   2.603810e-02
  3.635910e+00   1.195000e-01   2.585680e-02
  3.638650e+00   1.200570e-01   2.598580e-02
  3.641380e+00   1.182930e-01   2.623760e-02
  3.644120e+00   1.038350e-01   2.603500e-02
  3.646850e+00   1.241480e-01   2.623120e-02
  3.649580e+00   1.301930e-01   2.608630e-02
  3.652320e+00   1.502560e-01   2.606800e-02
  3.655050e+00   1.118450e-01   2.608980e-02
  3.657790e+00   8.930620e-02   2.606730e-02
  3.660520e+00   1.155030e-01   2.601900e-02
  3.663250e+00   1.234940e-01   2.616690e-02
  3.665990e+00   1.543570e-01   2.623710e-02
  3.668720e+00   1.218340e-01   2.615910e-02
  3.671460e+00   8.454100e-02   2.595410e-02
  3.674190e+00   1.220580e-01   2.579530e-02
  3.676920e+00   1.387470e-01   2.606240e-02
  3.679660e+00   1.538430e-01   2.612820e-02
  3.682390e+00   1.175550e-01   2.604230e-02
  3.685130e+00   1.174460e-01   2.588960e-02
  3.687860e+00   9.974010e-02   2.597690e-02
  3.690590e+00   1.119260e-01   2.620470e-02
  3.693330e+00   1.218150e-01   2.610160e-02
  3.696060e+00   1.539300e-01   2.630260e-02
  3.698800e+00   1.015070e-01   2.616180e-02
  3.701530e+00   6.581090e-02   2.580150e-02
  3.704270e+00   1.229720e-01   2.598980e-02
  3.707000e+00   1.259690e-01   2.601610e-02
  3.709730e+00   1.559060e-01   2.636620e-02
  3.712470e+00   1.339270e-01   2.609790e-02
  3.715200e+00   1.249420e-01   2.611070e-02
  3.717940e+00   1.244990e-01   2.618130e-02
  3.720670e+00   1.127790e-01   2.603470e-02
  3.723400e+00   1.134880e-01   2.632620e-02
  3.726140e+00   1.148540e-01   2.619230e-02
  3.728870e+00   7.643440e-02   2.618210e-02
  3.731610e+00   1.050520e-01   2.613270e-02
  3.734340e+00   1.409740e-01   2.611440e-02
  3.737070e+00   1.202130e-01   2.614390e-02
  3.739810e+00   1.030630e-01   2.602310e-02
  3.742540e+00   1.397760e-01   2.626450e-02
  3.745280e+00   1.302080e-01   2.616650e-02
  3.748010e+00   1.205590e-01   2.581840e-02
  3.750740e+00   1.080120e-01   2.607420e-02
  3.753480e+00   9.616590e-02   2.599010e-02
  3.756210e+00   1.500900e-01   2.624720e-02
  3.758950e+00   1.858560e-01   2.641890e-02
  3.761680e+00   1.009380e-01   2.618870e-02
  3.764410e+00   1.416220e-01   2.596670e-02
  3.767150e+00   1.847480e-01   2.651230e-02
  3.769880e+00   1.218710e-01   2.607660e-02
  3.772620e+00   1.228210e-01   2.580310e-02
  3.775350e+00   1.236920e-01   2.589020e-02
  3.778080e+00   1.597560e-01   2.624480e-02
  3.780820e+00   9.596980e-02   2.585850e-02
  3.783550e+00   1.016090e-01   2.623300e-02
  3.786290e+00   1.511090e-01   2.617360e-02
  3.789020e+00   1.317730e-01   2.605510e-02
  3.791750e+00   1.229620e-01   2.615670e-02
  3.794490e+00   8.347140e-02   2.615500e-02
  3.797220e+00   1.387230e-01   2.605990e-02
  3.799960e+00   1.552080e-01   2.629660e-02
  3.802690e+00   1.591570e-01   2.614170e-02
  3.805420e+00   1.167890e-01   2.597060e-02
  3.808160e+00   1.371530e-01   2.617960e-02
  3.810890e+00   1.225540e-01   2.613590e-02
  3.813630e+00   1.365790e-01   2.624210e-02
  3.816360e+00   1.102270e-01   2.594630e-02
  3.819090e+00   9.535740e-02   2.572310e-02
  3.821830e+00   1.636470e-01   2.638610e-02
  3.824560e+00   1.530430e-01   2.603310e-02
  3.827300e+00   1.467210e-01   2.600950e-02
  3.830030e+00   1.273430e-01   2.604670e-02
  3.832770e+00   1.311540e-01   2.608280e-02
  3.835500e+00   1.097860e-01   2.618250e-02
  3.838230e+00   1.200400e-01   2.635110e-02
  3.840970e+00   1.179500e-01   2.602700e-02
  3.843700e+00   1.168780e-01   2.602180e-02
  3.846440e+00   1.325440e-01   2.594380e-02
  3.849170e+00   1.090520e-01   2.608130e-02
  3.851900e+00   1.351990e-01   2.599030e-02
  3.854640e+00   1.202600e-01   2.610630e-02
  3.857370e+00   1.291800e-01   2.614120e-02
  3.860110e+00   1.065310e-01   2.618680e-02
  3.862840e+00   1.175850e-01   2.590760e-02
  3.865570e+00   9.144340e-02   2.600060e-02
  3.868310e+00   1.477860e-01   2.600130e-02
  3.871040e+00   1.384570e-01   2.614090e-02
  3.873780e+00   1.501510e-01   2.605190e-02
  3.876510e+00   1.342650e-01   2.610840e-02
  3.879240e+00   8.595020e-02   2.597430e-02
  3.881980e+00   1.571840e-01   2.633060e-02
  3.884710e+00   1.627320e-01   2.617860e-02
  3.887450e+00   1.525560e-01   2.613820e-02
  3.890180e+00   1.030310e-01   2.621280e-02
  3.892910e+00   1.574540e-01   2.623690e-02
  3.895650e+00   1.368300e-01   2.629590e-02
  3.898380e+00   1.297060e-01   2.599190e-02
  3.901120e+00   1.110530e-01   2.588380e-02
  3.903850e+00   1.582410e-01   2.604260e-02
  3.906580e+00   1.356060e-01   2.584270e-02
  3.909320e+00   1.666160e-01   2.617780e-02
  3.912050e+00   1.423660e-01   2.615000e-02
  3.914790e+00   2.179280e-01   2.634860e-02
  3.917520e+00   1.487010e-01   2.624080e-02
  3.920250e+00   1.323210e-01   2.598130e-02
  3.922990e+00   1.627980e-01   2.605050e-02
  3.925720e+00   1.925140e-01   2.602710e-02
  3.928460e+00   1.332950e-01   2.603620e-02
  3.931190e+00   1.716820e-01   2.582640e-02
  3.933920e+00   1.273760e-01   2.594490e-02
  3.936660e+00   1.606860e-01   3.015500e-02
  3.939390e+00   1.399310e-01   3.233990e-02
  3.942130e+00   1.760090e-01   3.317940e-02
  3.944860e+00   1.106010e-01   3.581980e-02
  3.947590e+00   1.243060e-01   3.823610e-02
  3.950330e+00   1.064600e-01   3.879930e-02
  3.953060e+00   1.035730e-01   4.045540e-02
  3.955800e+00   1.326600e-01   4.090560e-02
  3.958530e+00   1.232020e-01   4.331230e-02
  3.961270e+00   1.967950e-01   4.490620e-02
  3.964000e+00   1.692810e-01   3.396090e-02
  3.966730e+00   1.388850e-01   3.164990e-02
  3.969470e+00   1.501440e-01   3.069970e-02
  3.972200e+00   1.338160e-01   3.006590e-02
  3.974940e+00   1.785720e-01   2.953580e-02
  3.977670e+00   1.564200e-01   2.919810e-02
  3.980400e+00   1.865850e-01   2.916880e-02
  3.983140e+00   1.139410e-01   2.879910e-02
  3.985870e+00   1.437470e-01   2.879080e-02
  3.988610e+00   1.075230e-01   2.880760e-02
  3.991340e+00   1.846800e-01   2.870300e-02
  3.994070e+00   1.654860e-01   2.843270e-02
  3.996810e+00   1.261130e-01   2.815630e-02
  3.999540e+00   1.236950e-01   2.845300e-02
  4.002280e+00   1.586170e-01   2.834180e-02
  4.005010e+00   1.494660e-01   2.830790e-02
  4.007740e+00   1.352360e-01   2.814020e-02
  4.010480e+00   9.249870e-02   2.801300e-02
  4.013210e+00   1.301450e-01   2.777220e-02
  4.015950e+00   1.667680e-01   2.768070e-02
  4.018680e+00   1.199450e-01   2.755830e-02
  4.021410e+00   1.460050e-01   2.716420e-02
  4.024150e+00   1.648940e-01   2.721620e-02
  4.026880e+00   1.471480e-01   2.697130e-02
  4.029620e+00   1.927220e-01   2.682310e-02
  4.032350e+00   1.631950e-01   2.646900e-02
  4.035080e+00   1.507340e-01   2.654740e-02
  4.037820e+00   1.341620e-01   2.615450e-02
  4.040550e+00   1.459180e-01   2.632660e-02
  4.043290e+00   1.402870e-01   2.635840e-02
  4.046020e+00   1.992610e-01   2.627690e-02
  4.048750e+00   1.729560e-01   2.628830e-02
  4.051490e+00   1.191360e-01   2.623190e-02
  4.054220e+00   1.599300e-01   2.637760e-02
  4.056960e+00   1.515370e-01   2.625750e-02
  4.059690e+00   1.412440e-01   2.624160e-02
  4.062420e+00   1.221870e-01   2.625950e-02
  4.065160e+00   1.364040e-01   2.616670e-02
  4.067890e+00   2.162250e-01   2.640190e-02
  4.070630e+00   1.149230e-01   2.604710e-02
  4.073360e+00   1.511440e-01   2.620250e-02
  4.076100e+00   1.523590e-01   2.629100e-02
  4.078830e+00   1.474740e-01   2.632350e-02
  4.081560e+00   1.884190e-01   2.637340e-02
  4.084300e+00   1.457220e-01   2.613650e-02
  4.087030e+00   1.751110e-01   2.615790e-02
  4.089770e+00   1.321250e-01   2.630050e-02
  4.092500e+00   1.265610e-01   2.626120e-02
  4.095230e+00   1.551750e-01   2.648960e-02
  4.097970e+00   1.406830e-01   2.606290e-02
  4.100700e+00   1.757410e-01   2.640050e-02
  4.103440e+00   1.606040e-01   2.612440e-02
  4.106170e+00   1.282090e-01   2.597820e-02
  4.108900e+00   1.246860e-01   2.621280e-02
  4.111640e+00   1.468840e-01   2.612180e-02
  4.114370e+00   1.463560e-01   2.635490e-02
  4.117110e+00   1.766610e-01   2.642690e-02
  4.119840e+00   1.300320e-01   2.610240e-02
  4.122570e+00   1.694760e-01   2.589250e-02
  4.125310e+00   1.515860e-01   2.611300e-02
  4.128040e+00   1.678650e-01   2.630500e-02
  4.130780e+00   1.349680e-01   2.608060e-02
  4.133510e+00   1.758740e-01   2.626220e-02
  4.136240e+00   1.744780e-01   2.614040e-02
  4.138980e+00   8.862930e-02   2.613010e-02
  4.141710e+00   1.463080e-01   2.613480e-02
  4.144450e+00   1.029020e-01   2.604340e-02
  4.147180e+00   1.442410e-01   2.626880e-02
  4.149910e+00   1.758450e-01   2.624230e-02
  4.152650e+00   1.708850e-01   2.617470e-02
  4.155380e+00   1.135830e-01   2.618800e-02
  4.158120e+00   1.523740e-01   2.623530e-02
  4.160850e+00   1.597970e-01   2.619270e-02
  4.163580e+00   1.898370e-01   2.614940e-02
  4.166320e+00   1.726880e-01   2.631180e-02
  4.169050e+00   2.008680e-01   2.620730e-02
  4.171790e+00   1.417490e-01   2.631340e-02
  4.174520e+00   1.484100e-01   2.599430e-02
  4.177250e+00   1.490550e-01   2.628170e-02
  4.179990e+00   1.811250e-01   2.627290e-02
  4.182720e+00   1.626980e-01   2.610350e-02
  4.185460e+00   1.364740e-01   2.637800e-02
  4.188190e+00   1.798390e-01   2.634140e-02
  4.190920e+00   1.010580e-01   2.625170e-02
  4.193660e+00   1.882600e-01   2.607770e-02
  4.196390e+00   1.132230e-01   2.617070e-02
  4.199130e+00   1.691470e-01   2.621530e-02
  4.201860e+00   1.715850e-01   2.630970e-02
  4.204600e+00   1.532120e-01   2.602060e-02
  4.207330e+00   1.253400e-01   2.616680e-02
  4.210060e+00   2.052900e-01   2.627860e-02
  4.212800e+00   1.597910e-01   2.629830e-02
  4.215530e+00   1.785450e-01   2.625950e-02
  4.218270e+00   1.990210e-01   2.619570e-02
  4.221000e+00   1.653200e-01   2.635720e-02
  4.223730e+00   1.764390e-01   2.608450e-02
  4.226470e+00   1.423400e-01   2.620670e-02
  4.229200e+00   1.626740e-01   2.645710e-02
  4.231940e+00   1.185250e-01   2.598560e-02
  4.234670e+00   1.442570e-01   2.629180e-02
  4.237400e+00   9.119660e-02   2.601310e-02
  4.240140e+00   1.364570e-01   2.613590e-02
  4.242870e+00   1.621970e-01   2.624230e-02
  4.245610e+00   1.846600e-01   2.640460e-02
  4.248340e+00   1.325090e-01   2.614050e-02
  4.251070e+00   1.425090e-01   2.611120e-02
  4.253810e+00   1.978850e-01   2.620440e-02
  4.256540e+00   1.478230e-01   2.604040e-02
  4.259280e+00   1.550770e-01   2.648300e-02
  4.262010e+00   1.810200e-01   2.617430e-02
  4.264740e+00   1.607940e-01   2.617500e-02
  4.267480e+00   1.485240e-01   2.604090e-02
  4.270210e+00   1.550190e-01   2.627830e-02
  4.272950e+00   1.629550e-01   2.612450e-02
  4.275680e+00   1.975700e-01   2.613260e-02
  4.278410e+00   1.104720e-01   2.635550e-02
  4.281150e+00   1.641870e-01   2.641380e-02
  4.283880e+00   1.588140e-01   2.593920e-02
  4.286620e+00   1.571020e-01   2.593550e-02
  4.289350e+00   1.512720e-01   2.615980e-02
  4.292080e+00   1.697530e-01   2.623100e-02
  4.294820e+00   1.455550e-01   2.610360e-02
  4.297550e+00   1.514020e-01   2.592650e-02
  4.300290e+00   1.742310e-01   2.625530e-02
  4.303020e+00   1.929600e-01   2.616950e-02
  4.305750e+00   1.325810e-01   2.584140e-02
  4.308490e+00   1.456800e-01   2.616460e-02
  4.311220e+00   1.550460e-01   2.608410e-02
  4.313960e+00   1.602660e-01   2.619920e-02
  4.316690e+00   1.832550e-01   2.642750e-02
  4.319420e+00   1.684840e-01   2.603420e-02
  4.322160e+00   1.198710e-01   2.606460e-02
  4.324890e+00   1.397210e-01   2.604550e-02
  4.327630e+00   1.875170e-01   2.612870e-02
  4.330360e+00   1.053560e-01   2.581160e-02
  4.333100e+00   1.561340e-01   2.626770e-02
  4.335830e+00   1.610280e-01   2.614770e-02
  4.338560e+00   1.453110e-01   2.616320e-02
  4.341300e+00   1.398950e-01   2.593750e-02
  4.344030e+00   1.809830e-01   2.622970e-02
  4.346770e+00   1.762650e-01   2.608710e-02
  4.349500e+00   1.540580e-01   2.616850e-02
  4.352230e+00   1.642520e-01   2.597410e-02
  4.354970e+00   1.362520e-01   2.596890e-02
  4.357700e+00   1.533280e-01   2.595990e-02
  4.360440e+00   1.120600e-01   2.593600e-02
  4.363170e+00   1.795150e-01   2.640420e-02
  4.365900e+00   1.524600e-01   2.610800e-02
  4.368640e+00   1.805380e-01   2.608830e-02
  4.371370e+00   1.898090e-01   2.611410e-02
  4.374110e+00   1.492440e-01   2.623010e-02
  4.376840e+00   1.483860e-01   2.618720e-02
  4.379570e+00   1.169660e-01   2.602760e-02
  4.382310e+00   1.457620e-01   2.619680e-02
  4.385040e+00   1.803290e-01   2.624080e-02
  4.387780e+00   1.560450e-01   2.605990e-02
  4.390510e+00   1.023570e-01   2.585620e-02
  4.393240e+00   1.619870e-01   2.598330e-02
  4.395980e+00   1.500600e-01   2.610300e-02
  4.398710e+00   1.754240e-01   2.587660e-02
  4.401450e+00   1.517250e-01   2.603210e-02
  4.404180e+00   1.464160e-01   2.591760e-02
  4.406910e+00   1.380440e-01   2.619650e-02
  4.409650e+00   1.503490e-01   2.625100e-02
  4.412380e+00   1.494090e-01   2.620030e-02
  4.415120e+00   1.715760e-01   2.607740e-02
  4.417850e+00   1.215330e-01   2.615010e-02
  4.420580e+00   1.558430e-01   2.599300e-02
  4.423320e+00   1.387490e-01   2.627300e-02
  4.426050e+00   1.493160e-01   2.612340e-02
  4.428790e+00   1.399020e-01   2.585980e-02
  4.431520e+00   1.363650e-01   2.580920e-02
  4.434250e+00   1.360950e-01   2.607900e-02
  4.436990e+00   2.041320e-01   2.601710e-02
  4.439720e+00   1.698820e-01   2.610820e-02
  4.442460e+00   1.328970e-01   2.593190e-02
  4.445190e+00   1.297750e-01   2.607760e-02
  4.447920e+00   1.618060e-01   2.571990e-02
  4.450660e+00   1.527610e-01   2.603690e-02
  4.453390e+00   1.309400e-01   2.603900e-02
  4.456130e+00   1.066260e-01   2.575990e-02
  4.458860e+00   9.795370e-02   2.571170e-02
  4.461600e+00   1.414120e-01   2.589670e-02
  4.464330e+00   1.377710e-01   2.594380e-02
  4.467060e+00   1.247630e-01   2.606100e-02
  4.469800e+00   1.770100e-01   2.596080e-02
  4.472530e+00   1.669560e-01   2.608940e-02
  4.475270e+00   1.553020e-01   2.596600e-02
  4.478000e+00   1.327090e-01   2.577780e-02
  4.480730e+00   1.706890e-01   2.601450e-02
  4.483470e+00   1.664080e-01   2.611110e-02
  4.486200e+00   1.512920e-01   2.609210e-02
  4.488940e+00   1.490720e-01   2.594900e-02
  4.491670e+00   1.244010e-01   2.588950e-02
  4.494400e+00   1.272370e-01   2.612660e-02
  4.497140e+00   1.426140e-01   2.604250e-02
  4.499870e+00   1.394000e-01   2.619810e-02
  4.502610e+00   1.542770e-01   2.605460e-02
  4.505340e+00   1.254210e-01   2.576410e-02
  4.508070e+00   9.528880e-02   2.588230e-02
  4.510810e+00   1.258280e-01   2.615480e-02
  4.513540e+00   1.324420e-01   2.607410e-02
  4.516280e+00   1.644410e-01   2.597460e-02
  4.519010e+00   1.697240e-01   2.590780e-02
  4.521740e+00   1.393860e-01   2.617230e-02
  4.524480e+00   1.322250e-01   2.597120e-02
  4.527210e+00   1.493940e-01   2.595450e-02
  4.529950e+00   1.443190e-01   2.603810e-02
  4.532680e+00   1.051310e-01   2.577420e-02
  4.535410e+00   1.546880e-01   2.608140e-02
  4.538150e+00   1.208730e-01   2.607790e-02
  4.540880e+00   1.083860e-01   2.587810e-02
  4.543620e+00   2.042090e-01   2.597290e-02
  4.546350e+00   1.242540e-01   2.614200e-02
  4.549080e+00   1.485090e-01   2.577610e-02
  4.551820e+00   1.556860e-01   2.598170e-02
  4.554550e+00   1.454120e-01   2.587350e-02
  4.557290e+00   1.306990e-01   2.603070e-02
  4.560020e+00   1.034850e-01   2.572280e-02
  4.562750e+00   1.563760e-01   2.609290e-02
  4.565490e+00   1.699180e-01   2.607470e-02
  4.568220e+00   1.679920e-01   2.603940e-02
  4.570960e+00   1.167620e-01   2.593610e-02
  4.573690e+00   1.321010e-01   2.581890e-02
  4.576430e+00   1.404300e-01   2.626510e-02
  4.579160e+00   1.343240e-01   2.593180e-02
  4.581890e+00   1.360730e-01   2.617890e-02
  4.584630e+00   5.640520e-02   2.594430e-02
  4.587360e+00   1.531120e-01   2.593620e-02
  4.590100e+00   6.932430e-02   2.612080e-02
  4.592830e+00   1.344380e-01   2.610710e-02
  4.595560e+00   1.376770e-01   2.605630e-02
  4.598300e+00   1.437850e-01   2.614980e-02
  4.601030e+00   1.101510e-01   2.595500e-02
  4.603770e+00   1.438330e-01   2.616730e-02
  4.606500e+00   1.430580e-01   2.605460e-02
  4.609230e+00   1.320000e-01   2.608870e-02
  4.611970e+00   1.220400e-01   2.595540e-02
  4.614700e+00   9.516400e-02   2.605530e-02
  4.617440e+00   1.560690e-01   2.599290e-02
  4.620170e+00   1.540020e-01   2.584340e-02
  4.622900e+00   1.412500e-01   2.597870e-02
  4.625640e+00   1.289730e-01   2.572490e-02
  4.628370e+00   1.077410e-01   2.604300e-02
  4.631110e+00   1.095380e-01   2.595270e-02
  4.633840e+00   1.247150e-01   2.610260e-02
  4.636570e+00   1.258200e-01   2.588130e-02
  4.639310e+00   1.658120e-01   2.586770e-02
  4.642040e+00   1.278820e-01   2.597810e-02
  4.644780e+00   1.511800e-01   2.591310e-02
  4.647510e+00   1.088970e-01   2.606520e-02
  4.650240e+00   1.412590e-01   2.599860e-02
  4.652980e+00   1.453780e-01   2.591720e-02
  4.655710e+00   1.142610e-01   2.610260e-02
  4.658450e+00   1.432090e-01   2.605710e-02
  4.661180e+00   1.340250e-01   2.598520e-02
  4.663910e+00   1.048350e-01   2.576770e-02
  4.666650e+00   1.195870e-01   2.572720e-02
  4.669380e+00   1.317030e-01   2.586760e-02
  4.672120e+00   1.402340e-01   2.597450e-02
  4.674850e+00   1.237020e-01   2.553620e-02
  4.677580e+00   1.179090e-01   2.588450e-02
  4.680320e+00   1.172310e-01   2.599170e-02
  4.683050e+00   1.309520e-01   2.600470e-02
  4.685790e+00   1.015680e-01   2.584370e-02
  4.688520e+00   1.073400e-01   2.600040e-02
  4.691250e+00   9.452150e-02   2.578300e-02
  4.693990e+00   1.055750e-01   2.606390e-02
  4.696720e+00   1.065000e-01   2.602100e-02
  4.699460e+00   1.090430e-01   2.583060e-02
  4.702190e+00   1.630240e-01   2.609860e-02
  4.704930e+00   9.123840e-02   2.604900e-02
  4.707660e+00   1.155750e-01   2.620220e-02
  4.710390e+00   1.461660e-01   2.586720e-02
  4.713130e+00   9.059880e-02   2.614920e-02
  4.715860e+00   1.101060e-01   2.603430e-02
  4.718600e+00   1.311500e-01   2.621420e-02
  4.721330e+00   1.703510e-01   2.620610e-02
  4.724060e+00   5.509350e-02   2.589900e-02
  4.726800e+00   8.726550e-02   2.608830e-02
  4.729530e+00   1.213410e-01   2.607230e-02
  4.732270e+00   5.778770e-02   2.614770e-02
  4.735000e+00   5.788260e-02   2.595690e-02
  4.737730e+00   1.377350e-01   2.576310e-02
  4.740470e+00   1.126340e-01   2.598830e-02
  4.743200e+00   1.039470e-01   2.638160e-02
  4.745940e+00   1.159220e-01   2.619360e-02
  4.748670e+00   1.380290e-01   2.602230e-02
  4.751400e+00   7.386710e-02   2.604820e-02
  4.754140e+00   1.032570e-01   2.595150e-02
  4.756870e+00   1.302760e-01   2.618140e-02
  4.759610e+00   8.993410e-02   2.627440e-02
  4.762340e+00   1.503010e-01   2.621080e-02
  4.765070e+00   1.392400e-01   2.596770e-02
  4.767810e+00   1.391980e-01   2.601180e-02
  4.770540e+00   1.436930e-01   2.646020e-02
  4.773280e+00   1.427160e-01   2.611840e-02
  4.776010e+00   1.614020e-01   2.642180e-02
  4.778740e+00   1.178410e-01   2.622750e-02
  4.781480e+00   9.363730e-02   2.607100e-02
  4.784210e+00   1.211310e-01   2.614990e-02
  4.786950e+00   1.379090e-01   2.602960e-02
  4.789680e+00   1.274350e-01   2.622820e-02
  4.792410e+00   1.036600e-01   2.607300e-02
  4.795150e+00   8.866480e-02   2.602580e-02
  4.797880e+00   9.124400e-02   2.621850e-02
  4.800620e+00   1.193170e-01   2.599630e-02
  4.803350e+00   1.414630e-01   2.613620e-02
  4.806080e+00   1.281690e-01   2.624620e-02
  4.808820e+00   9.937300e-02   2.613890e-02
  4.811550e+00   1.007080e-01   2.624430e-02
  4.814290e+00   1.474030e-01   2.609740e-02
  4.817020e+00   1.223510e-01   2.613210e-02
  4.819750e+00   1.248860e-01   2.617480e-02
  4.822490e+00   1.169530e-01   2.643990e-02
  4.825220e+00   1.525900e-01   2.613850e-02
  4.827960e+00   1.078300e-01   2.632670e-02
  4.830690e+00   1.418090e-01   2.627590e-02
  4.833430e+00   1.235330e-01   2.609950e-02
  4.836160e+00   1.359540e-01   2.620640e-02
  4.838890e+00   1.559860e-01   2.617410e-02
  4.841630e+00   1.151920e-01   2.643600e-02
  4.844360e+00   1.177790e-01   2.614750e-02
  4.847100e+00   1.249860e-01   2.598640e-02
  4.849830e+00   1.253160e-01   2.623770e-02
  4.852560e+00   8.769550e-02   2.587420e-02
  4.855300e+00   9.321950e-02   2.622340e-02
  4.858030e+00   1.062340e-01   2.624480e-02
  4.860770e+00   1.553820e-01   2.617540e-02
  4.863500e+00   1.200910e-01   2.625080e-02
  4.866230e+00   9.251610e-02   2.624490e-02
  4.868970e+00   9.679310e-02   2.635800e-02
  4.871700e+00   1.343430e-01   2.626530e-02
  4.874440e+00   1.124300e-01   2.615460e-02
  4.877170e+00   8.836680e-02   2.610830e-02
  4.879900e+00   1.273280e-01   2.634030e-02
  4.882640e+00   9.198970e-02   2.639690e-02
  4.885370e+00   1.217110e-01   2.624470e-02
  4.888110e+00   1.396540e-01   2.660390e-02
  4.890840e+00   1.263720e-01   2.641130e-02
  4.893570e+00   1.219590e-01   2.643820e-02
  4.896310e+00   1.392910e-01   2.622760e-02
  4.899040e+00   8.437660e-02   2.613030e-02
  4.901780e+00   1.219850e-01   2.617480e-02
  4.904510e+00   1.193540e-01   2.615460e-02
  4.907240e+00   1.184690e-01   2.650120e-02
  4.909980e+00   1.378910e-01   2.627280e-02
  4.912710e+00   9.635910e-02   2.629760e-02
  4.915450e+00   1.126820e-01   2.636590e-02
  4.918180e+00   1.021860e-01   2.635950e-02
  4.920910e+00   9.053390e-02   2.611450e-02
  4.923650e+00   8.490380e-02   2.620260e-02
  4.926380e+00   1.369450e-01   2.632960e-02
  4.929120e+00   9.777460e-02   2.619690e-02
  4.931850e+00   1.137380e-01   2.634620e-02
  4.934580e+00   9.380420e-02   2.621310e-02
  4.937320e+00   1.319200e-01   2.643750e-02
  4.940050e+00   1.152530e-01   2.640160e-02
  4.942790e+00   9.101810e-02   2.648910e-02
  4.945520e+00   1.337810e-01   2.621520e-02
  4.948250e+00   1.650910e-01   2.636240e-02
  4.950990e+00   1.130310e-01   2.630890e-02
  4.953720e+00   1.268530e-01   2.625270e-02
  4.956460e+00   1.057360e-01   2.639960e-02
  4.959190e+00   1.496180e-01   2.630610e-02
  4.961930e+00   1.177450e-01   2.660170e-02
  4.964660e+00   1.281850e-01   2.630000e-02
  4.967390e+00   1.197610e-01   2.643890e-02
  4.970130e+00   1.415830e-01   2.635080e-02
  4.972860e+00   1.456790e-01   2.650750e-02
  4.975600e+00   1.342730e-01   2.625040e-02
  4.978330e+00   1.378170e-01   2.644910e-02
  4.981060e+00   7.730450e-02   2.648340e-02
  4.983800e+00   1.087000e-01   2.639460e-02
  4.986530e+00   7.185630e-02   2.672630e-02
  4.989270e+00   9.748820e-02   2.627170e-02
  4.992000e+00   1.252670e-01   2.651230e-02
  4.994730e+00   1.479680e-01   2.673570e-02
  4.997470e+00   1.547970e-01   2.637830e-02
  5.000200e+00   1.186430e-01   2.627900e-02
  5.002940e+00   1.342760e-01   2.682330e-02
  5.005670e+00   1.512760e-01   2.660150e-02
  5.008400e+00   1.240500e-01   2.644020e-02
  5.011140e+00   1.309990e-01   2.651080e-02
  5.013870e+00   1.235680e-01   2.652170e-02
  5.016610e+00   1.396800e-01   2.638180e-02
  5.019340e+00   1.410180e-01   2.646750e-02
  5.022070e+00   1.548550e-01   2.658710e-02
  5.024810e+00   9.478910e-02   2.646000e-02
  5.027540e+00   1.306640e-01   2.668440e-02
  5.030280e+00   1.135700e-01   2.646000e-02
  5.033010e+00   1.426010e-01   2.666440e-02
  5.035740e+00   1.392620e-01   2.646830e-02
  5.038480e+00   1.502650e-01   2.639960e-02
  5.041210e+00   8.937570e-02   2.645120e-02
  5.043950e+00   1.271610e-01   2.678210e-02
  5.046680e+00   7.957150e-02   2.619640e-02
  5.049410e+00   1.119350e-01   2.658780e-02
  5.052150e+00   1.323590e-01   2.689060e-02
  5.054880e+00   1.380550e-01   2.638380e-02
  5.057620e+00   9.266700e-02   2.661480e-02
  5.060350e+00   1.267600e-01   2.647620e-02
  5.063080e+00   1.574620e-01   2.667450e-02
  5.065820e+00   1.372300e-01   2.656840e-02
  5.068550e+00   1.602110e-01   2.644900e-02
  5.071290e+00   1.378480e-01   2.667790e-02
  5.074020e+00   7.365610e-02   2.656230e-02
  5.076760e+00   1.013100e-01   2.675140e-02
  5.079490e+00   1.506710e-01   2.678950e-02
  5.082220e+00   1.159900e-01   2.667730e-02
  5.084960e+00   1.242630e-01   2.667270e-02
  5.087690e+00   1.738190e-01   2.671280e-02
  5.090430e+00   1.370680e-01   2.661700e-02
  5.093160e+00   1.354620e-01   2.629690e-02
  5.095890e+00   8.539740e-02   2.669940e-02
  5.098630e+00   1.220280e-01   2.648690e-02
  5.101360e+00   1.151060e-01   2.677490e-02
  5.104100e+00   1.175790e-01   2.681090e-02
  5.106830e+00   1.333800e-01   2.685710e-02
  5.109560e+00   1.306040e-01   2.677550e-02
  5.112300e+00   1.222680e-01   2.684870e-02
  5.115030e+00   6.961540e-02   2.658200e-02
  5.117770e+00   1.309110e-01   2.678880e-02
  5.120500e+00   1.436870e-01   2.661100e-02
  5.123230e+00   1.455380e-01   2.657460e-02
  5.125970e+00   1.294260e-01   2.670780e-02
  5.128700e+00   1.153960e-01   2.652070e-02
  5.131440e+00   1.184580e-01   2.664190e-02
  5.134170e+00   9.576020e-02   2.679740e-02
  5.136900e+00   1.409560e-01   2.684700e-02
  5.139640e+00   6.522660e-02   2.689370e-02
  5.142370e+00   1.338510e-01   2.653910e-02
  5.145110e+00   1.339380e-01   2.656470e-02
  5.147840e+00   1.296030e-01   2.683420e-02
  5.150570e+00   1.337410e-01   2.653930e-02
  5.153310e+00   1.397780e-01   2.685600e-02
  5.156040e+00   1.178650e-01   2.706360e-02
  5.158780e+00   1.436930e-01   2.660500e-02
  5.161510e+00   1.344800e-01   2.690480e-02
  5.164240e+00   1.220980e-01   2.666030e-02
  5.166980e+00   1.364680e-01   2.682480e-02
  5.169710e+00   1.547930e-01   2.681450e-02
  5.172450e+00   1.257500e-01   2.684050e-02
  5.175180e+00   1.475970e-01   2.698460e-02
  5.177910e+00   1.461950e-01   2.682760e-02
  5.180650e+00   1.066770e-01   2.692450e-02
  5.183380e+00   1.179220e-01   2.698960e-02
  5.186120e+00   1.673530e-01   2.672150e-02
  5.188850e+00   1.232950e-01   2.700500e-02
  5.191580e+00   1.298140e-01   2.664370e-02
  5.194320e+00   1.505610e-01   2.708480e-02
  5.197050e+00   8.567950e-02   2.725510e-02
  5.199790e+00   1.351400e-01   2.703670e-02
  5.202520e+00   1.559200e-01   2.696370e-02
  5.205260e+00   1.083080e-01   2.670170e-02
  5.207990e+00   1.250910e-01   2.688330e-02
  5.210720e+00   1.088260e-01   2.680850e-02
  5.213460e+00   1.515190e-01   2.711250e-02
  5.216190e+00   1.063670e-01   2.665210e-02
  5.218930e+00   1.397190e-01   2.686230e-02
  5.221660e+00   1.402550e-01   2.686480e-02
  5.224390e+00   1.011540e-01   2.688870e-02
  5.227130e+00   1.260420e-01   2.671470e-02
  5.229860e+00   1.463860e-01   2.720350e-02
  5.232600e+00   1.100940e-01   2.694940e-02
  5.235330e+00   1.059210e-01   2.679510e-02
  5.238060e+00   1.474380e-01   2.708170e-02
  5.240800e+00   1.555230e-01   2.712660e-02
  5.243530e+00   6.336480e-02   2.684260e-02
  5.246270e+00   1.479950e-01   2.712740e-02
  5.249000e+00   1.644120e-01   2.695160e-02
  5.251730e+00   1.381690e-01   2.713480e-02
  5.254470e+00   1.496870e-01   2.710060e-02
  5.257200e+00   1.481590e-01   2.716800e-02
  5.259940e+00   1.092930e-01   2.710720e-02
  5.262670e+00   1.440440e-01   2.703790e-02
  5.265400e+00   1.080890e-01   2.693320e-02
  5.268140e+00   1.214330e-01   2.709200e-02
  5.270870e+00   1.090180e-01   2.723860e-02
  5.273610e+00   1.430580e-01   2.701250e-02
  5.276340e+00   1.291930e-01   2.701010e-02
  5.279070e+00   1.562260e-01   2.706930e-02
  5.281810e+00   1.631500e-01   2.735380e-02
  5.284540e+00   1.360290e-01   2.687900e-02
  5.287280e+00   1.515790e-01   3.201700e-02
  5.290010e+00   1.010340e-01   3.433130e-02
  5.292740e+00   1.430160e-01   3.738760e-02
  5.295480e+00   1.272810e-01   3.943890e-02
  5.298210e+00   8.443880e-02   4.182170e-02
  5.300950e+00   1.548360e-01   4.320700e-02
  5.303680e+00   1.073290e-01   4.616790e-02
  5.306410e+00   1.324510e-01   4.722040e-02
  5.309150e+00   1.736710e-01   4.964070e-02
  5.311880e+00   1.073410e-01   3.474710e-02
  5.314620e+00   2.087480e-01   3.347340e-02
  5.317350e+00   1.862080e-01   3.142780e-02
  5.320080e+00   1.447730e-01   3.081000e-02
  5.322820e+00   1.626560e-01   3.079640e-02
  5.325550e+00   1.871020e-01   3.016770e-02
  5.328290e+00   1.587890e-01   3.017450e-02
  5.331020e+00   2.098810e-01   2.989960e-02
  5.333760e+00   1.592160e-01   2.994430e-02
  5.336490e+00   1.318910e-01   2.954650e-02
  5.339220e+00   1.946880e-01   2.978520e-02
  5.341960e+00   1.708530e-01   2.950520e-02
  5.344690e+00   1.482600e-01   2.927820e-02
  5.347430e+00   1.644380e-01   2.854210e-02
  5.350160e+00   1.540650e-01   2.837080e-02
  5.352890e+00   1.350250e-01   2.823710e-02
  5.355630e+00   1.054250e-01   2.791620e-02
  5.358360e+00   1.147800e-01   2.759970e-02
  5.361100e+00   1.288740e-01   2.733250e-02
  5.363830e+00   1.060860e-01   2.743110e-02
  5.366560e+00   1.511340e-01   2.691840e-02
  5.369300e+00   1.395500e-01   2.698900e-02
  5.372030e+00   1.130420e-01   2.707650e-02
  5.374770e+00   1.624760e-01   2.721260e-02
  5.377500e+00   1.233770e-01   2.715910e-02
  5.380230e+00   1.271830e-01   2.709800e-02
  5.382970e+00   1.330040e-01   2.720860e-02
  5.385700e+00   1.382000e-01   2.701510e-02
  5.388440e+00   1.570170e-01   2.705630e-02
  5.391170e+00   1.640270e-01   2.692420e-02
  5.393900e+00   1.109370e-01   2.706780e-02
  5.396640e+00   1.700280e-01   2.735580e-02
  5.399370e+00   1.366420e-01   2.714890e-02
  5.402110e+00   1.099800e-01   2.714320e-02
  5.404840e+00   1.132300e-01   2.726690e-02
  5.407570e+00   1.421720e-01   2.734640e-02
  5.410310e+00   1.052180e-01   2.708910e-02
  5.413040e+00   1.797350e-01   2.724980e-02
  5.415780e+00   1.683530e-01   2.721810e-02
  5.418510e+00   1.130850e-01   2.690260e-02
  5.421240e+00   1.429170e-01   2.698060e-02
  5.423980e+00   1.018620e-01   2.704690e-02
  5.426710e+00   1.437600e-01   2.739180e-02
  5.429450e+00   1.278820e-01   2.729500e-02
  5.432180e+00   1.294730e-01   2.708860e-02
  5.434910e+00   1.560250e-01   2.729550e-02
  5.437650e+00   1.047510e-01   2.712260e-02
  5.440380e+00   1.251560e-01   2.696450e-02
  5.443120e+00   1.651680e-01   2.736470e-02
  5.445850e+00   1.442130e-01   2.720040e-02
  5.448580e+00   1.396750e-01   2.738650e-02
  5.451320e+00   8.357110e-02   2.714510e-02
  5.454050e+00   1.407580e-01   2.723090e-02
  5.456790e+00   1.272180e-01   2.723060e-02
  5.459520e+00   1.597180e-01   2.725410e-02
  5.462260e+00   8.865690e-02   2.712820e-02
  5.464990e+00   1.824190e-01   2.721680e-02
  5.467720e+00   1.791050e-01   2.766300e-02
  5.470460e+00   1.313510e-01   2.697570e-02
  5.473190e+00   1.345790e-01   2.681950e-02
  5.475930e+00   1.507140e-01   2.701810e-02
  5.478660e+00   1.464860e-01   2.710870e-02
  5.481390e+00   1.670260e-01   2.733530e-02
  5.484130e+00   1.565560e-01   2.729480e-02
  5.486860e+00   1.439800e-01   2.723690e-02
  5.489600e+00   1.806650e-01   2.719160e-02
  5.492330e+00   1.597980e-01   2.723140e-02
  5.495060e+00   1.633660e-01   2.727730e-02
  5.497800e+00   1.807810e-01   2.734170e-02
  5.500530e+00   1.359040e-01   2.729130e-02
  5.503270e+00   9.018170e-02   2.731240e-02
  5.506000e+00   1.067390e-01   2.728810e-02
  5.508730e+00   1.785990e-01   2.739630e-02
  5.511470e+00   1.459630e-01   2.713060e-02
  5.514200e+00   1.421120e-01   2.708630e-02
  5.516940e+00   1.325150e-01   2.734080e-02
  5.519670e+00   1.851640e-01   2.731780e-02
  5.522400e+00   1.567410e-01   2.730470e-02
  5.525140e+00   1.603130e-01   2.722970e-02
  5.527870e+00   1.636230e-01   3.229220e-02
  5.530610e+00   2.006680e-01   3.484110e-02
  5.533340e+00   1.655970e-01   3.909110e-02
  5.536070e+00   1.907340e-01   3.094270e-02
  5.538810e+00   1.278020e-01   2.982790e-02
  5.541540e+00   1.585750e-01   2.899780e-02
  5.544280e+00   1.394560e-01   2.841100e-02
  5.547010e+00   1.434240e-01   2.826900e-02
  5.549740e+00   1.836620e-01   2.873950e-02
  5.552480e+00   1.683530e-01   2.803630e-02
  5.555210e+00   1.437140e-01   2.822010e-02
  5.557950e+00   1.072870e-01   2.808130e-02
  5.560680e+00   1.364170e-01   2.812410e-02
  5.563410e+00   1.823540e-01   2.841180e-02
  5.566150e+00   1.487410e-01   2.783010e-02
  5.568880e+00   1.626710e-01   2.820450e-02
  5.571620e+00   1.742550e-01   2.809210e-02
  5.574350e+00   1.032150e-01   2.810750e-02
  5.577090e+00   9.322240e-02   2.806500e-02
  5.579820e+00   1.470800e-01   2.817980e-02
  5.582550e+00   1.446200e-01   2.805500e-02
  5.585290e+00   1.640480e-01   2.758330e-02
  5.588020e+00   1.685130e-01   2.708570e-02
  5.590760e+00   1.109700e-01   2.734160e-02
  5.593490e+00   1.377750e-01   2.743750e-02
  5.596220e+00   1.620520e-01   2.748650e-02
  5.598960e+00   1.584700e-01   2.760720e-02
  5.601690e+00   1.510520e-01   2.735690e-02
  5.604430e+00   1.711970e-01   2.759860e-02
  5.607160e+00   5.868410e-02   2.724580e-02
  5.609890e+00   1.369330e-01   2.732970e-02
  5.612630e+00   1.660500e-01   2.753730e-02
  5.615360e+00   1.664690e-01   2.726960e-02
  5.618100e+00   1.576410e-01   2.743220e-02
  5.620830e+00   1.861590e-01   2.736180e-02
  5.623560e+00   1.459950e-01   2.726290e-02
  5.626300e+00   1.705570e-01   2.751710e-02
  5.629030e+00   1.204700e-01   2.742660e-02
  5.631770e+00   1.866380e-01   2.734230e-02
  5.634500e+00   1.006860e-01   2.733130e-02
  5.637230e+00   1.689170e-01   2.725180e-02
  5.639970e+00   1.981810e-01   2.731750e-02
  5.642700e+00   1.360070e-01   2.733290e-02
  5.645440e+00   1.546780e-01   2.740870e-02
  5.648170e+00   1.680630e-01   2.750900e-02
  5.650900e+00   1.568540e-01   2.747310e-02
  5.653640e+00   1.908650e-01   2.745550e-02
  5.656370e+00   1.402380e-01   2.741020e-02
  5.659110e+00   1.348830e-01   2.746440e-02
  5.661840e+00   1.752720e-01   2.755240e-02
  5.664570e+00   1.560210e-01   2.741850e-02
  5.667310e+00   1.637380e-01   2.734620e-02
  5.670040e+00   1.361290e-01   2.731270e-02
  5.672780e+00   1.692480e-01   2.749030e-02
  5.675510e+00   1.361680e-01   2.740250e-02
  5.678240e+00   1.002920e-01   2.722780e-02
  5.680980e+00   1.374160e-01   2.730170e-02
  5.683710e+00   1.465000e-01   2.763390e-02
  5.686450e+00   1.977930e-01   2.775650e-02
  5.689180e+00   2.166280e-01   2.740590e-02
  5.691910e+00   1.664360e-01   2.755830e-02
  5.694650e+00   1.546590e-01   2.742990e-02
  5.697380e+00   1.746150e-01   2.752390e-02
  5.700120e+00   1.580690e-01   2.758230e-02
  5.702850e+00   1.492910e-01   2.737830e-02
  5.705590e+00   1.227060e-01   2.746390e-02
  5.708320e+00   1.705370e-01   2.770660e-02
  5.711050e+00   1.684430e-01   2.782480e-02
  5.713790e+00   1.490300e-01   2.753940e-02
  5.716520e+00   1.339990e-01   2.755930e-02
  5.719260e+00   2.166990e-01   2.778460e-02
  5.721990e+00   1.511740e-01   2.740300e-02
  5.724720e+00   1.958940e-01   2.774930e-02
  5.727460e+00   9.960700e-02   2.723290e-02
  5.730190e+00   1.801840e-01   2.764950e-02
  5.732930e+00   1.165570e-01   2.753430e-02
  5.735660e+00   1.707040e-01   2.755580e-02
  5.738390e+00   1.691720e-01   2.752770e-02
  5.741130e+00   2.060630e-01   2.766280e-02
  5.743860e+00   1.932280e-01   2.768530e-02
  5.746600e+00   1.834220e-01   2.770170e-02
  5.749330e+00   1.284670e-01   2.784690e-02
  5.752060e+00   2.119230e-01   2.770980e-02
  5.754800e+00   1.322610e-01   2.793100e-02
  5.757530e+00   1.676190e-01   2.814400e-02
  5.760270e+00   1.592990e-01   2.773110e-02
  5.763000e+00   1.710020e-01   2.775890e-02
  5.765730e+00   2.174820e-01   2.791440e-02
  5.768470e+00   1.699440e-01   2.790080e-02
  5.771200e+00   1.524540e-01   2.764910e-02
  5.773940e+00   1.230460e-01   2.771400e-02
  5.776670e+00   1.882080e-01   2.777580e-02
  5.779400e+00   1.791820e-01   2.765190e-02
  5.782140e+00   1.904860e-01   2.779310e-02
  5.784870e+00   2.069030e-01   2.794200e-02
  5.787610e+00   1.711620e-01   2.775830e-02
  5.790340e+00   1.604910e-01   2.769690e-02
  5.793070e+00   1.469020e-01   2.753730e-02
  5.795810e+00   1.831530e-01   2.793820e-02
  5.798540e+00   1.512440e-01   2.744450e-02
  5.801280e+00   1.522420e-01   2.785330e-02
  5.804010e+00   2.067500e-01   2.763890e-02
  5.806740e+00   1.814110e-01   2.770800e-02
  5.809480e+00   1.890410e-01   2.768990e-02
  5.812210e+00   1.657470e-01   2.786300e-02
  5.814950e+00   1.615480e-01   2.745770e-02
  5.817680e+00   1.686830e-01   2.772010e-02
  5.820410e+00   2.062130e-01   2.799680e-02
  5.823150e+00   1.805230e-01   2.779260e-02
  5.825880e+00   1.971460e-01   2.791140e-02
  5.828620e+00   1.696310e-01   2.759110e-02
  5.831350e+00   1.537690e-01   2.787000e-02
  5.834090e+00   2.160190e-01   2.777810e-02
  5.836820e+00   1.815840e-01   2.781510e-02
  5.839550e+00   1.859970e-01   2.766470e-02
  5.842290e+00   1.372740e-01   2.783060e-02
  5.845020e+00   1.603540e-01   2.785560e-02
  5.847760e+00   1.714230e-01   2.792880e-02
  5.850490e+00   1.509480e-01   2.776630e-02
  5.853220e+00   1.604390e-01   2.797860e-02
  5.855960e+00   1.759140e-01   2.787600e-02
  5.858690e+00   1.974310e-01   2.781400e-02
  5.861430e+00   1.652740e-01   2.778940e-02
  5.864160e+00   1.868180e-01   2.795670e-02
  5.866890e+00   1.787110e-01   2.803340e-02
  5.869630e+00   1.604750e-01   2.810830e-02
  5.872360e+00   1.703710e-01   2.780140e-02
  5.875100e+00   1.990570e-01   2.791110e-02
  5.877830e+00   1.769960e-01   2.768100e-02
  5.880560e+00   1.763720e-01   2.780790e-02
  5.883300e+00   1.488120e-01   2.802690e-02
  5.886030e+00   1.152290e-01   2.795860e-02
  5.888770e+00   1.605630e-01   2.817120e-02
  5.891500e+00   1.317000e-01   2.800530e-02
  5.894230e+00   1.735940e-01   2.801070e-02
  5.896970e+00   1.911770e-01   2.784620e-02
  5.899700e+00   1.470890e-01   2.805110e-02
  5.902440e+00   1.805110e-01   2.801810e-02
  5.905170e+00   1.579330e-01   2.791350e-02
  5.907900e+00   1.601120e-01   2.800700e-02
  5.910640e+00   1.661500e-01   2.825280e-02
  5.913370e+00   2.210530e-01   2.830700e-02
  5.916110e+00   1.593240e-01   2.817650e-02
  5.918840e+00   1.639940e-01   2.801720e-02
  5.921570e+00   1.865720e-01   2.799110e-02
  5.924310e+00   2.045270e-01   2.816070e-02
  5.927040e+00   1.452030e-01   2.827680e-02
  5.929780e+00   1.838850e-01   2.792090e-02
  5.932510e+00   1.530540e-01   2.789580e-02
  5.935240e+00   1.938700e-01   2.797610e-02
  5.937980e+00   1.745290e-01   2.796790e-02
  5.940710e+00   1.538310e-01   2.815690e-02
  5.943450e+00   1.757950e-01   2.812350e-02
  5.946180e+00   1.470960e-01   2.815590e-02
  5.948920e+00   1.792490e-01   2.807830e-02
  5.951650e+00   2.032830e-01   2.814730e-02
  5.954380e+00   1.930670e-01   2.794270e-02
  5.957120e+00   1.832470e-01   2.807490e-02
  5.959850e+00   1.679660e-01   2.807610e-02
  5.962590e+00   1.782890e-01   2.813200e-02
  5.965320e+00   2.660370e-01   2.824030e-02
  5.968050e+00   1.726870e-01   2.840030e-02
  5.970790e+00   1.431160e-01   3.358540e-02
  5.973520e+00   1.157820e-01   3.668330e-02
  5.976260e+00   2.598550e-01   4.031050e-02
  5.978990e+00   1.776360e-01   4.278320e-02
  5.981720e+00   1.624460e-01   4.434050e-02
  5.984460e+00   2.275710e-01   4.871340e-02
  5.987190e+00   1.358480e-01   5.095940e-02
  5.989930e+00   1.663500e-01   5.291900e-02
  5.992660e+00   2.497680e-01   5.605920e-02
  5.995390e+00   1.432900e-01   5.870270e-02
  5.998130e+00   2.542950e-01   6.445200e-02
  6.000860e+00   2.581800e-01   6.793580e-02
  6.003600e+00   2.164980e-01   7.392380e-02
  6.006330e+00   2.298620e-01   8.250210e-02
  6.009060e+00   1.792600e-01   9.381400e-02
  6.011800e+00   1.194090e-01   1.087470e-01
  6.014530e+00   2.021290e-01   1.401260e-01
  6.017270e+00   3.672490e-01   2.090420e-01
parent: gluc_026.dat
parent-concentration: 1.240 * 1.0266
parent: gluc_024.dat
parent-concentration: 3.460 * 1.0817
parent: gluc_022.dat
parent-concentration: 7.110 * 1.0906
parent: gluc_020.dat
parent-concentration: 12.830 * 1.0000
creator: almerge
creator-version: 1.0 (r4339)
