# 18-Sep-2012       (heidi_046.dat - 1.0*Aver(heidi_045.dat,heidi_047.dat) / 24
#heidi_046.da  Conc = .24E+02  N1 =    1  N2 = 2168
#heidi_045.da  Conc = 0.0d+0   N1 =    1  N2 = 2168
#heidi_047.da  Conc = 0.0d+0   N1 =    1  N2 = 2168
  0.871252E-01  0.391596E+02  0.467715E+01
  0.898592E-01  0.379989E+02  0.157821E+01
  0.925932E-01  0.402573E+02  0.128394E+01
  0.953273E-01  0.387022E+02  0.116721E+01
  0.980613E-01  0.378531E+02  0.102452E+01
  0.100795E+00  0.381722E+02  0.940079E+00
  0.103529E+00  0.381778E+02  0.849263E+00
  0.106263E+00  0.370417E+02  0.792897E+00
  0.108998E+00  0.379045E+02  0.710052E+00
  0.111732E+00  0.375328E+02  0.664942E+00
  0.114466E+00  0.377930E+02  0.629667E+00
  0.117200E+00  0.374794E+02  0.584376E+00
  0.119934E+00  0.372528E+02  0.547532E+00
  0.122668E+00  0.371017E+02  0.508970E+00
  0.125402E+00  0.377835E+02  0.484398E+00
  0.128136E+00  0.376127E+02  0.467313E+00
  0.130870E+00  0.366567E+02  0.434828E+00
  0.133604E+00  0.375015E+02  0.421873E+00
  0.136338E+00  0.366656E+02  0.393187E+00
  0.139072E+00  0.369252E+02  0.379121E+00
  0.141806E+00  0.368994E+02  0.360234E+00
  0.144540E+00  0.363883E+02  0.348980E+00
  0.147274E+00  0.364497E+02  0.340594E+00
  0.150008E+00  0.363093E+02  0.320152E+00
  0.152742E+00  0.363088E+02  0.313829E+00
  0.155476E+00  0.362488E+02  0.299107E+00
  0.158210E+00  0.360123E+02  0.293026E+00
  0.160944E+00  0.363322E+02  0.281830E+00
  0.163678E+00  0.366265E+02  0.277417E+00
  0.166412E+00  0.358185E+02  0.266407E+00
  0.169146E+00  0.361846E+02  0.259450E+00
  0.171881E+00  0.359685E+02  0.254679E+00
  0.174615E+00  0.358101E+02  0.246206E+00
  0.177349E+00  0.354818E+02  0.239913E+00
  0.180083E+00  0.355731E+02  0.232667E+00
  0.182817E+00  0.351117E+02  0.229682E+00
  0.185551E+00  0.351622E+02  0.226533E+00
  0.188285E+00  0.350372E+02  0.218537E+00
  0.191019E+00  0.351627E+02  0.214961E+00
  0.193753E+00  0.347136E+02  0.212099E+00
  0.196487E+00  0.346945E+02  0.208233E+00
  0.199221E+00  0.346888E+02  0.206709E+00
  0.201955E+00  0.345803E+02  0.197525E+00
  0.204689E+00  0.344543E+02  0.197752E+00
  0.207423E+00  0.347310E+02  0.196177E+00
  0.210157E+00  0.345254E+02  0.195182E+00
  0.212891E+00  0.344244E+02  0.191842E+00
  0.215625E+00  0.341097E+02  0.187080E+00
  0.218359E+00  0.339787E+02  0.188360E+00
  0.221093E+00  0.338856E+02  0.183790E+00
  0.223827E+00  0.337915E+02  0.182296E+00
  0.226561E+00  0.336844E+02  0.181423E+00
  0.229295E+00  0.339111E+02  0.179194E+00
  0.232029E+00  0.338517E+02  0.180393E+00
  0.234764E+00  0.336778E+02  0.174812E+00
  0.237498E+00  0.336194E+02  0.177418E+00
  0.240232E+00  0.333365E+02  0.173318E+00
  0.242966E+00  0.332481E+02  0.172211E+00
  0.245700E+00  0.331886E+02  0.172445E+00
  0.248434E+00  0.328670E+02  0.166166E+00
  0.251168E+00  0.328727E+02  0.168687E+00
  0.253902E+00  0.330225E+02  0.167277E+00
  0.256636E+00  0.328102E+02  0.165120E+00
  0.259370E+00  0.324808E+02  0.162711E+00
  0.262104E+00  0.323508E+02  0.159822E+00
  0.264838E+00  0.322168E+02  0.160939E+00
  0.267572E+00  0.324632E+02  0.159431E+00
  0.270306E+00  0.322202E+02  0.156885E+00
  0.273040E+00  0.321467E+02  0.156917E+00
  0.275774E+00  0.320333E+02  0.153893E+00
  0.278508E+00  0.318318E+02  0.155384E+00
  0.281242E+00  0.317301E+02  0.151677E+00
  0.283976E+00  0.316226E+02  0.151729E+00
  0.286710E+00  0.314123E+02  0.150973E+00
  0.289444E+00  0.313810E+02  0.148894E+00
  0.292178E+00  0.313143E+02  0.148961E+00
  0.294912E+00  0.311757E+02  0.146747E+00
  0.297647E+00  0.310511E+02  0.146170E+00
  0.300381E+00  0.309303E+02  0.145976E+00
  0.303115E+00  0.307920E+02  0.144459E+00
  0.305849E+00  0.307380E+02  0.143335E+00
  0.308583E+00  0.305287E+02  0.142371E+00
  0.311317E+00  0.304078E+02  0.141211E+00
  0.314051E+00  0.302593E+02  0.140868E+00
  0.316785E+00  0.302154E+02  0.138943E+00
  0.319519E+00  0.299057E+02  0.138599E+00
  0.322253E+00  0.299939E+02  0.138619E+00
  0.324987E+00  0.297667E+02  0.137205E+00
  0.327721E+00  0.297534E+02  0.136049E+00
  0.330455E+00  0.295826E+02  0.135402E+00
  0.333189E+00  0.297390E+02  0.135989E+00
  0.335923E+00  0.294601E+02  0.135373E+00
  0.338657E+00  0.291256E+02  0.132929E+00
  0.341391E+00  0.291703E+02  0.131582E+00
  0.344125E+00  0.290414E+02  0.132233E+00
  0.346859E+00  0.290322E+02  0.131546E+00
  0.349593E+00  0.287373E+02  0.131444E+00
  0.352327E+00  0.287102E+02  0.129604E+00
  0.355061E+00  0.285148E+02  0.128632E+00
  0.357795E+00  0.283980E+02  0.128594E+00
  0.360530E+00  0.283087E+02  0.128561E+00
  0.363264E+00  0.282924E+02  0.128333E+00
  0.365998E+00  0.281430E+02  0.126736E+00
  0.368732E+00  0.280257E+02  0.126693E+00
  0.371466E+00  0.278096E+02  0.127044E+00
  0.374200E+00  0.277725E+02  0.124782E+00
  0.376934E+00  0.277397E+02  0.125645E+00
  0.379668E+00  0.275262E+02  0.124582E+00
  0.382402E+00  0.274315E+02  0.124427E+00
  0.385136E+00  0.273418E+02  0.124266E+00
  0.387870E+00  0.272319E+02  0.122578E+00
  0.390604E+00  0.271694E+02  0.123422E+00
  0.393338E+00  0.269204E+02  0.121636E+00
  0.396072E+00  0.268027E+02  0.121656E+00
  0.398806E+00  0.268405E+02  0.120780E+00
  0.401540E+00  0.268388E+02  0.121496E+00
  0.404274E+00  0.267110E+02  0.121283E+00
  0.407008E+00  0.265222E+02  0.119886E+00
  0.409742E+00  0.262310E+02  0.118579E+00
  0.412476E+00  0.261792E+02  0.118209E+00
  0.415210E+00  0.261447E+02  0.118683E+00
  0.417944E+00  0.260194E+02  0.118563E+00
  0.420678E+00  0.257449E+02  0.116237E+00
  0.423413E+00  0.255852E+02  0.116519E+00
  0.426147E+00  0.254867E+02  0.114835E+00
  0.428881E+00  0.253818E+02  0.115457E+00
  0.431615E+00  0.252491E+02  0.114802E+00
  0.434349E+00  0.251992E+02  0.113974E+00
  0.437083E+00  0.250167E+02  0.114231E+00
  0.439817E+00  0.248048E+02  0.112555E+00
  0.442551E+00  0.247859E+02  0.112848E+00
  0.445285E+00  0.245811E+02  0.111200E+00
  0.448019E+00  0.245185E+02  0.111441E+00
  0.450753E+00  0.243901E+02  0.111400E+00
  0.453487E+00  0.243614E+02  0.110435E+00
  0.456221E+00  0.241517E+02  0.110413E+00
  0.458955E+00  0.240298E+02  0.108798E+00
  0.461689E+00  0.238895E+02  0.109162E+00
  0.464423E+00  0.238945E+02  0.109015E+00
  0.467157E+00  0.236549E+02  0.107169E+00
  0.469891E+00  0.235284E+02  0.107843E+00
  0.472625E+00  0.235089E+02  0.106804E+00
  0.475359E+00  0.232180E+02  0.106356E+00
  0.478093E+00  0.231349E+02  0.105336E+00
  0.480827E+00  0.230166E+02  0.104808E+00
  0.483561E+00  0.230079E+02  0.105715E+00
  0.486296E+00  0.228153E+02  0.104071E+00
  0.489030E+00  0.226106E+02  0.103798E+00
  0.491764E+00  0.225684E+02  0.103035E+00
  0.494498E+00  0.225162E+02  0.102668E+00
  0.497232E+00  0.223502E+02  0.102592E+00
  0.499966E+00  0.224345E+02  0.102514E+00
  0.502700E+00  0.221166E+02  0.100934E+00
  0.505434E+00  0.219963E+02  0.100768E+00
  0.508168E+00  0.221047E+02  0.101429E+00
  0.510902E+00  0.219056E+02  0.100892E+00
  0.513636E+00  0.218436E+02  0.997346E-01
  0.516370E+00  0.217763E+02  0.100082E+00
  0.519104E+00  0.217266E+02  0.998320E-01
  0.521838E+00  0.215589E+02  0.993642E-01
  0.524572E+00  0.214905E+02  0.989863E-01
  0.527306E+00  0.213579E+02  0.979976E-01
  0.530040E+00  0.212030E+02  0.980501E-01
  0.532774E+00  0.210788E+02  0.966298E-01
  0.535508E+00  0.211237E+02  0.972730E-01
  0.538242E+00  0.209039E+02  0.967787E-01
  0.540976E+00  0.210203E+02  0.966158E-01
  0.543710E+00  0.205984E+02  0.955825E-01
  0.546445E+00  0.205010E+02  0.947915E-01
  0.549179E+00  0.204865E+02  0.947687E-01
  0.551913E+00  0.202566E+02  0.936203E-01
  0.554647E+00  0.201230E+02  0.935010E-01
  0.557381E+00  0.200723E+02  0.934717E-01
  0.560115E+00  0.200014E+02  0.922569E-01
  0.562849E+00  0.198202E+02  0.918192E-01
  0.565583E+00  0.196694E+02  0.914684E-01
  0.568317E+00  0.196789E+02  0.917939E-01
  0.571051E+00  0.194746E+02  0.904411E-01
  0.573785E+00  0.194189E+02  0.902974E-01
  0.576519E+00  0.192808E+02  0.897577E-01
  0.579253E+00  0.192471E+02  0.898607E-01
  0.581987E+00  0.191868E+02  0.891345E-01
  0.584721E+00  0.189333E+02  0.887650E-01
  0.587455E+00  0.189744E+02  0.887332E-01
  0.590189E+00  0.187934E+02  0.877424E-01
  0.592923E+00  0.186071E+02  0.876991E-01
  0.595657E+00  0.185380E+02  0.865768E-01
  0.598391E+00  0.184436E+02  0.863990E-01
  0.601125E+00  0.183415E+02  0.863167E-01
  0.603859E+00  0.182495E+02  0.857808E-01
  0.606593E+00  0.181219E+02  0.850221E-01
  0.609328E+00  0.179257E+02  0.846928E-01
  0.612062E+00  0.179364E+02  0.842544E-01
  0.614796E+00  0.177644E+02  0.840984E-01
  0.617530E+00  0.176955E+02  0.832557E-01
  0.620264E+00  0.176206E+02  0.835133E-01
  0.622998E+00  0.175187E+02  0.828547E-01
  0.625732E+00  0.172339E+02  0.818484E-01
  0.628466E+00  0.172262E+02  0.813891E-01
  0.631200E+00  0.171288E+02  0.808564E-01
  0.633934E+00  0.170068E+02  0.812624E-01
  0.636668E+00  0.168448E+02  0.801828E-01
  0.639402E+00  0.166800E+02  0.795031E-01
  0.642136E+00  0.166054E+02  0.789904E-01
  0.644870E+00  0.166239E+02  0.791725E-01
  0.647604E+00  0.164161E+02  0.787156E-01
  0.650338E+00  0.163065E+02  0.781281E-01
  0.653072E+00  0.162578E+02  0.774208E-01
  0.655806E+00  0.161597E+02  0.778493E-01
  0.658540E+00  0.159860E+02  0.762977E-01
  0.661274E+00  0.159902E+02  0.772705E-01
  0.664008E+00  0.157461E+02  0.753170E-01
  0.666742E+00  0.156436E+02  0.752406E-01
  0.669476E+00  0.155433E+02  0.750096E-01
  0.672211E+00  0.154761E+02  0.747048E-01
  0.674945E+00  0.153197E+02  0.744655E-01
  0.677679E+00  0.152496E+02  0.733187E-01
  0.680413E+00  0.151653E+02  0.737071E-01
  0.683147E+00  0.150085E+02  0.731900E-01
  0.685881E+00  0.149922E+02  0.726556E-01
  0.688615E+00  0.149736E+02  0.729948E-01
  0.691349E+00  0.146577E+02  0.712828E-01
  0.694083E+00  0.146878E+02  0.717082E-01
  0.696817E+00  0.144557E+02  0.706983E-01
  0.699551E+00  0.143553E+02  0.698873E-01
  0.702285E+00  0.143323E+02  0.702462E-01
  0.705019E+00  0.142917E+02  0.701754E-01
  0.707753E+00  0.141358E+02  0.696537E-01
  0.710487E+00  0.139328E+02  0.682859E-01
  0.713221E+00  0.139767E+02  0.686546E-01
  0.715955E+00  0.137298E+02  0.680286E-01
  0.718689E+00  0.137234E+02  0.678886E-01
  0.721423E+00  0.136900E+02  0.676529E-01
  0.724157E+00  0.134956E+02  0.668595E-01
  0.726891E+00  0.132871E+02  0.659539E-01
  0.729625E+00  0.132888E+02  0.660625E-01
  0.732359E+00  0.130971E+02  0.653485E-01
  0.735094E+00  0.129975E+02  0.649328E-01
  0.737828E+00  0.128516E+02  0.639823E-01
  0.740562E+00  0.128337E+02  0.642867E-01
  0.743296E+00  0.126440E+02  0.637305E-01
  0.746030E+00  0.126009E+02  0.629277E-01
  0.748764E+00  0.124810E+02  0.626076E-01
  0.751498E+00  0.124035E+02  0.625452E-01
  0.754232E+00  0.123290E+02  0.623686E-01
  0.756966E+00  0.122699E+02  0.617717E-01
  0.759700E+00  0.121433E+02  0.616087E-01
  0.762434E+00  0.121029E+02  0.613221E-01
  0.765168E+00  0.119843E+02  0.610698E-01
  0.767902E+00  0.119386E+02  0.606423E-01
  0.770636E+00  0.118671E+02  0.603790E-01
  0.773370E+00  0.117964E+02  0.603282E-01
  0.776104E+00  0.116629E+02  0.598456E-01
  0.778838E+00  0.114964E+02  0.593819E-01
  0.781572E+00  0.113900E+02  0.588153E-01
  0.784306E+00  0.112932E+02  0.587337E-01
  0.787040E+00  0.112931E+02  0.591506E-01
  0.789774E+00  0.111247E+02  0.584352E-01
  0.792508E+00  0.110157E+02  0.579500E-01
  0.795242E+00  0.110233E+02  0.579038E-01
  0.797977E+00  0.108592E+02  0.573768E-01
  0.800711E+00  0.107663E+02  0.578247E-01
  0.803445E+00  0.105967E+02  0.565084E-01
  0.806179E+00  0.106082E+02  0.570101E-01
  0.808913E+00  0.105252E+02  0.564972E-01
  0.811647E+00  0.103966E+02  0.562770E-01
  0.814381E+00  0.102710E+02  0.554405E-01
  0.817115E+00  0.101784E+02  0.552350E-01
  0.819849E+00  0.101747E+02  0.556320E-01
  0.822583E+00  0.100194E+02  0.549533E-01
  0.825317E+00  0.986655E+01  0.545447E-01
  0.828051E+00  0.977495E+01  0.541941E-01
  0.830785E+00  0.980198E+01  0.537754E-01
  0.833519E+00  0.977157E+01  0.544293E-01
  0.836253E+00  0.958144E+01  0.533596E-01
  0.838987E+00  0.959318E+01  0.534412E-01
  0.841721E+00  0.949422E+01  0.533473E-01
  0.844455E+00  0.938823E+01  0.526762E-01
  0.847189E+00  0.924356E+01  0.525285E-01
  0.849923E+00  0.917893E+01  0.516381E-01
  0.852657E+00  0.907486E+01  0.518591E-01
  0.855391E+00  0.902927E+01  0.515391E-01
  0.858125E+00  0.895260E+01  0.516964E-01
  0.860860E+00  0.894238E+01  0.513085E-01
  0.863594E+00  0.874651E+01  0.502889E-01
  0.866328E+00  0.868898E+01  0.505475E-01
  0.869062E+00  0.858172E+01  0.500214E-01
  0.871796E+00  0.858297E+01  0.501484E-01
  0.874530E+00  0.847333E+01  0.497399E-01
  0.877264E+00  0.837121E+01  0.493890E-01
  0.879998E+00  0.829928E+01  0.493289E-01
  0.882732E+00  0.827130E+01  0.491218E-01
  0.885466E+00  0.820977E+01  0.486733E-01
  0.888200E+00  0.806569E+01  0.483031E-01
  0.890934E+00  0.798022E+01  0.479609E-01
  0.893668E+00  0.797067E+01  0.480543E-01
  0.896402E+00  0.795814E+01  0.479446E-01
  0.899136E+00  0.782483E+01  0.473337E-01
  0.901870E+00  0.774162E+01  0.471593E-01
  0.904604E+00  0.770707E+01  0.471566E-01
  0.907338E+00  0.760102E+01  0.465717E-01
  0.910072E+00  0.747629E+01  0.464226E-01
  0.912806E+00  0.742330E+01  0.460924E-01
  0.915540E+00  0.746822E+01  0.459381E-01
  0.918274E+00  0.738520E+01  0.461115E-01
  0.921009E+00  0.721208E+01  0.453851E-01
  0.923743E+00  0.716057E+01  0.452539E-01
  0.926477E+00  0.706933E+01  0.451167E-01
  0.929211E+00  0.697593E+01  0.441167E-01
  0.931945E+00  0.701593E+01  0.447133E-01
  0.934679E+00  0.688643E+01  0.441048E-01
  0.937413E+00  0.685645E+01  0.442816E-01
  0.940147E+00  0.676956E+01  0.440286E-01
  0.942881E+00  0.677247E+01  0.436448E-01
  0.945615E+00  0.666531E+01  0.437374E-01
  0.948349E+00  0.653699E+01  0.427687E-01
  0.951083E+00  0.649562E+01  0.429517E-01
  0.953817E+00  0.647900E+01  0.428258E-01
  0.956551E+00  0.634264E+01  0.424400E-01
  0.959285E+00  0.640504E+01  0.428785E-01
  0.962019E+00  0.628185E+01  0.419987E-01
  0.964753E+00  0.624909E+01  0.420920E-01
  0.967487E+00  0.615822E+01  0.415912E-01
  0.970221E+00  0.607063E+01  0.414305E-01
  0.972955E+00  0.605395E+01  0.414551E-01
  0.975689E+00  0.595599E+01  0.407429E-01
  0.978423E+00  0.588333E+01  0.410617E-01
  0.981157E+00  0.590725E+01  0.405131E-01
  0.983892E+00  0.585250E+01  0.408930E-01
  0.986626E+00  0.578075E+01  0.403728E-01
  0.989360E+00  0.573277E+01  0.402080E-01
  0.992094E+00  0.569392E+01  0.403102E-01
  0.994828E+00  0.559308E+01  0.394770E-01
  0.997562E+00  0.554712E+01  0.396535E-01
  0.100030E+01  0.545645E+01  0.388487E-01
  0.100303E+01  0.534083E+01  0.388117E-01
  0.100576E+01  0.531954E+01  0.386459E-01
  0.100850E+01  0.533894E+01  0.388188E-01
  0.101123E+01  0.531657E+01  0.387818E-01
  0.101397E+01  0.521044E+01  0.380212E-01
  0.101670E+01  0.519215E+01  0.385511E-01
  0.101943E+01  0.515051E+01  0.383084E-01
  0.102217E+01  0.502403E+01  0.376299E-01
  0.102490E+01  0.500823E+01  0.378300E-01
  0.102764E+01  0.490831E+01  0.367478E-01
  0.103037E+01  0.495596E+01  0.376623E-01
  0.103310E+01  0.485783E+01  0.369767E-01
  0.103584E+01  0.486168E+01  0.372203E-01
  0.103857E+01  0.479912E+01  0.370829E-01
  0.104131E+01  0.474275E+01  0.364626E-01
  0.104404E+01  0.470572E+01  0.368876E-01
  0.104677E+01  0.467195E+01  0.362027E-01
  0.104951E+01  0.458527E+01  0.360218E-01
  0.105224E+01  0.454395E+01  0.360106E-01
  0.105498E+01  0.446886E+01  0.357359E-01
  0.105771E+01  0.441510E+01  0.357035E-01
  0.106044E+01  0.448437E+01  0.354697E-01
  0.106318E+01  0.437342E+01  0.353292E-01
  0.106591E+01  0.428394E+01  0.348969E-01
  0.106865E+01  0.428796E+01  0.348855E-01
  0.107138E+01  0.425056E+01  0.350279E-01
  0.107411E+01  0.416858E+01  0.343577E-01
  0.107685E+01  0.413131E+01  0.345180E-01
  0.107958E+01  0.412192E+01  0.341632E-01
  0.108232E+01  0.410846E+01  0.341317E-01
  0.108505E+01  0.402658E+01  0.342526E-01
  0.108779E+01  0.398260E+01  0.338445E-01
  0.109052E+01  0.396046E+01  0.340902E-01
  0.109325E+01  0.396327E+01  0.334972E-01
  0.109599E+01  0.387778E+01  0.333521E-01
  0.109872E+01  0.382485E+01  0.334181E-01
  0.110146E+01  0.377479E+01  0.330580E-01
  0.110419E+01  0.376212E+01  0.329711E-01
  0.110692E+01  0.371544E+01  0.328742E-01
  0.110966E+01  0.368324E+01  0.327318E-01
  0.111239E+01  0.362244E+01  0.327431E-01
  0.111513E+01  0.361547E+01  0.322051E-01
  0.111786E+01  0.359267E+01  0.322911E-01
  0.112059E+01  0.351588E+01  0.321020E-01
  0.112333E+01  0.351684E+01  0.320698E-01
  0.112606E+01  0.348116E+01  0.322122E-01
  0.112880E+01  0.342151E+01  0.316468E-01
  0.113153E+01  0.336596E+01  0.316812E-01
  0.113426E+01  0.338322E+01  0.316636E-01
  0.113700E+01  0.338216E+01  0.314183E-01
  0.113973E+01  0.327125E+01  0.311084E-01
  0.114247E+01  0.328173E+01  0.314105E-01
  0.114520E+01  0.321949E+01  0.309261E-01
  0.114793E+01  0.322336E+01  0.310659E-01
  0.115067E+01  0.318092E+01  0.307120E-01
  0.115340E+01  0.318025E+01  0.308600E-01
  0.115614E+01  0.307844E+01  0.303685E-01
  0.115887E+01  0.305208E+01  0.302871E-01
  0.116160E+01  0.299259E+01  0.300568E-01
  0.116434E+01  0.300853E+01  0.301161E-01
  0.116707E+01  0.296679E+01  0.302694E-01
  0.116981E+01  0.289464E+01  0.298318E-01
  0.117254E+01  0.286479E+01  0.296466E-01
  0.117527E+01  0.287159E+01  0.296468E-01
  0.117801E+01  0.286189E+01  0.295151E-01
  0.118074E+01  0.279468E+01  0.295421E-01
  0.118348E+01  0.277598E+01  0.291540E-01
  0.118621E+01  0.276558E+01  0.292507E-01
  0.118894E+01  0.272304E+01  0.292249E-01
  0.119168E+01  0.274749E+01  0.291021E-01
  0.119441E+01  0.270582E+01  0.292837E-01
  0.119715E+01  0.269137E+01  0.289207E-01
  0.119988E+01  0.264691E+01  0.288493E-01
  0.120262E+01  0.263663E+01  0.286846E-01
  0.120535E+01  0.252088E+01  0.281918E-01
  0.120808E+01  0.254242E+01  0.283181E-01
  0.121082E+01  0.252414E+01  0.283524E-01
  0.121355E+01  0.249385E+01  0.283525E-01
  0.121629E+01  0.248341E+01  0.281822E-01
  0.121902E+01  0.244642E+01  0.278130E-01
  0.122175E+01  0.239822E+01  0.278423E-01
  0.122449E+01  0.240114E+01  0.277940E-01
  0.122722E+01  0.241968E+01  0.278751E-01
  0.122996E+01  0.234381E+01  0.294089E-01
  0.123269E+01  0.236621E+01  0.302091E-01
  0.123816E+01  0.229801E+01  0.306908E-01
  0.124089E+01  0.234189E+01  0.317352E-01
  0.124363E+01  0.228261E+01  0.322416E-01
  0.124636E+01  0.219214E+01  0.318829E-01
  0.124909E+01  0.221775E+01  0.321810E-01
  0.125183E+01  0.216771E+01  0.329368E-01
  0.125456E+01  0.216819E+01  0.328433E-01
  0.125730E+01  0.211230E+01  0.332974E-01
  0.126003E+01  0.213709E+01  0.341923E-01
  0.126276E+01  0.209056E+01  0.345008E-01
  0.126550E+01  0.206320E+01  0.312146E-01
  0.126823E+01  0.203757E+01  0.303336E-01
  0.127097E+01  0.200134E+01  0.297022E-01
  0.127370E+01  0.203420E+01  0.293476E-01
  0.127643E+01  0.197885E+01  0.287044E-01
  0.127917E+01  0.200573E+01  0.288492E-01
  0.128190E+01  0.192279E+01  0.283801E-01
  0.128464E+01  0.191306E+01  0.281900E-01
  0.128737E+01  0.194420E+01  0.279944E-01
  0.129010E+01  0.189980E+01  0.276876E-01
  0.129284E+01  0.186381E+01  0.270714E-01
  0.129557E+01  0.180314E+01  0.269206E-01
  0.129831E+01  0.180825E+01  0.266671E-01
  0.130104E+01  0.181377E+01  0.267513E-01
  0.130377E+01  0.181190E+01  0.262441E-01
  0.130651E+01  0.174595E+01  0.258281E-01
  0.130924E+01  0.174088E+01  0.262476E-01
  0.131198E+01  0.174081E+01  0.259075E-01
  0.131471E+01  0.172059E+01  0.257773E-01
  0.131744E+01  0.175583E+01  0.255528E-01
  0.132018E+01  0.166623E+01  0.254119E-01
  0.132291E+01  0.164892E+01  0.256516E-01
  0.132565E+01  0.167351E+01  0.253549E-01
  0.132838E+01  0.163275E+01  0.251841E-01
  0.133112E+01  0.163719E+01  0.251533E-01
  0.133385E+01  0.165600E+01  0.252847E-01
  0.133658E+01  0.159273E+01  0.254728E-01
  0.133932E+01  0.157487E+01  0.245434E-01
  0.134205E+01  0.157894E+01  0.250249E-01
  0.134479E+01  0.155191E+01  0.251328E-01
  0.134752E+01  0.155033E+01  0.251523E-01
  0.135025E+01  0.150268E+01  0.248104E-01
  0.135299E+01  0.150545E+01  0.247055E-01
  0.135572E+01  0.151245E+01  0.247926E-01
  0.135846E+01  0.148599E+01  0.247627E-01
  0.136119E+01  0.145132E+01  0.242035E-01
  0.136392E+01  0.142839E+01  0.243882E-01
  0.136666E+01  0.143575E+01  0.243960E-01
  0.136939E+01  0.143944E+01  0.243095E-01
  0.137213E+01  0.137716E+01  0.239511E-01
  0.137486E+01  0.139995E+01  0.241550E-01
  0.137759E+01  0.137485E+01  0.241102E-01
  0.138033E+01  0.136076E+01  0.240587E-01
  0.138306E+01  0.133443E+01  0.240656E-01
  0.138580E+01  0.132010E+01  0.236600E-01
  0.138853E+01  0.130521E+01  0.236950E-01
  0.139126E+01  0.130913E+01  0.235826E-01
  0.139400E+01  0.130495E+01  0.234705E-01
  0.139673E+01  0.131274E+01  0.240374E-01
  0.139947E+01  0.126380E+01  0.235378E-01
  0.140220E+01  0.127989E+01  0.235982E-01
  0.140493E+01  0.124296E+01  0.234829E-01
  0.140767E+01  0.123734E+01  0.233681E-01
  0.141040E+01  0.127288E+01  0.235150E-01
  0.141314E+01  0.121681E+01  0.235271E-01
  0.141587E+01  0.123839E+01  0.233247E-01
  0.141860E+01  0.120200E+01  0.231691E-01
  0.142134E+01  0.119763E+01  0.230902E-01
  0.142407E+01  0.117730E+01  0.231972E-01
  0.142681E+01  0.118664E+01  0.230363E-01
  0.142954E+01  0.116438E+01  0.229893E-01
  0.143227E+01  0.116332E+01  0.227962E-01
  0.143501E+01  0.112025E+01  0.230134E-01
  0.143774E+01  0.115979E+01  0.229375E-01
  0.144048E+01  0.112706E+01  0.228416E-01
  0.144321E+01  0.109971E+01  0.226258E-01
  0.144594E+01  0.108388E+01  0.228200E-01
  0.144868E+01  0.111268E+01  0.229520E-01
  0.145141E+01  0.108939E+01  0.228481E-01
  0.145415E+01  0.106738E+01  0.223256E-01
  0.145688E+01  0.107844E+01  0.224162E-01
  0.145962E+01  0.107370E+01  0.224966E-01
  0.146235E+01  0.104831E+01  0.220969E-01
  0.146508E+01  0.104511E+01  0.223683E-01
  0.146782E+01  0.102884E+01  0.220817E-01
  0.147055E+01  0.993920E+00  0.218628E-01
  0.147329E+01  0.104553E+01  0.217859E-01
  0.147602E+01  0.992119E+00  0.218234E-01
  0.147875E+01  0.967568E+00  0.214410E-01
  0.148149E+01  0.937429E+00  0.216458E-01
  0.148422E+01  0.978582E+00  0.216492E-01
  0.148696E+01  0.956652E+00  0.216804E-01
  0.148969E+01  0.975022E+00  0.214009E-01
  0.149242E+01  0.976880E+00  0.216677E-01
  0.149516E+01  0.935488E+00  0.214796E-01
  0.149789E+01  0.935958E+00  0.214805E-01
  0.150063E+01  0.942807E+00  0.215940E-01
  0.150336E+01  0.940945E+00  0.214237E-01
  0.150609E+01  0.976735E+00  0.217337E-01
  0.150883E+01  0.881118E+00  0.212644E-01
  0.151156E+01  0.900600E+00  0.213507E-01
  0.151430E+01  0.856024E+00  0.212345E-01
  0.151703E+01  0.839940E+00  0.214493E-01
  0.151976E+01  0.834550E+00  0.210405E-01
  0.152250E+01  0.861647E+00  0.211861E-01
  0.152523E+01  0.851401E+00  0.210077E-01
  0.152797E+01  0.852590E+00  0.210828E-01
  0.153070E+01  0.808594E+00  0.210741E-01
  0.153343E+01  0.836942E+00  0.210687E-01
  0.153617E+01  0.795795E+00  0.211027E-01
  0.153890E+01  0.822886E+00  0.207352E-01
  0.154164E+01  0.822563E+00  0.211400E-01
  0.154437E+01  0.814345E+00  0.207981E-01
  0.154710E+01  0.832893E+00  0.207980E-01
  0.154984E+01  0.803550E+00  0.209567E-01
  0.155257E+01  0.810477E+00  0.209809E-01
  0.155531E+01  0.787828E+00  0.208385E-01
  0.155804E+01  0.770155E+00  0.207648E-01
  0.156077E+01  0.767939E+00  0.205851E-01
  0.156351E+01  0.775316E+00  0.209550E-01
  0.156624E+01  0.747378E+00  0.207345E-01
  0.156898E+01  0.730644E+00  0.205687E-01
  0.157171E+01  0.770224E+00  0.206822E-01
  0.157444E+01  0.723963E+00  0.206960E-01
  0.157718E+01  0.725377E+00  0.206919E-01
  0.157991E+01  0.732150E+00  0.207124E-01
  0.158265E+01  0.691025E+00  0.203417E-01
  0.158538E+01  0.724083E+00  0.205370E-01
  0.158812E+01  0.696232E+00  0.204293E-01
  0.159085E+01  0.675284E+00  0.202053E-01
  0.159358E+01  0.682375E+00  0.202832E-01
  0.159632E+01  0.698089E+00  0.204401E-01
  0.159905E+01  0.680132E+00  0.201892E-01
  0.160179E+01  0.653477E+00  0.203854E-01
  0.160452E+01  0.685550E+00  0.202583E-01
  0.160725E+01  0.678557E+00  0.202513E-01
  0.160999E+01  0.679301E+00  0.202977E-01
  0.161272E+01  0.633794E+00  0.202876E-01
  0.161546E+01  0.657177E+00  0.202567E-01
  0.161819E+01  0.613668E+00  0.200756E-01
  0.162092E+01  0.619842E+00  0.203323E-01
  0.162366E+01  0.630747E+00  0.200535E-01
  0.162639E+01  0.610127E+00  0.200316E-01
  0.162913E+01  0.618124E+00  0.199936E-01
  0.163186E+01  0.626486E+00  0.199662E-01
  0.163459E+01  0.605064E+00  0.200781E-01
  0.163733E+01  0.617339E+00  0.201791E-01
  0.164006E+01  0.621945E+00  0.198334E-01
  0.164280E+01  0.625216E+00  0.200205E-01
  0.164553E+01  0.600544E+00  0.201081E-01
  0.164826E+01  0.580671E+00  0.199462E-01
  0.165100E+01  0.599665E+00  0.196202E-01
  0.165373E+01  0.571673E+00  0.199322E-01
  0.165647E+01  0.610580E+00  0.203470E-01
  0.165920E+01  0.572298E+00  0.197989E-01
  0.166193E+01  0.594211E+00  0.199472E-01
  0.166467E+01  0.559215E+00  0.197572E-01
  0.166740E+01  0.556883E+00  0.198978E-01
  0.167014E+01  0.580131E+00  0.199356E-01
  0.167287E+01  0.527665E+00  0.198201E-01
  0.167560E+01  0.561315E+00  0.194818E-01
  0.167834E+01  0.548873E+00  0.197537E-01
  0.168107E+01  0.503370E+00  0.196184E-01
  0.168381E+01  0.512681E+00  0.198338E-01
  0.168654E+01  0.507547E+00  0.194587E-01
  0.168927E+01  0.526205E+00  0.196919E-01
  0.169201E+01  0.521434E+00  0.195309E-01
  0.169474E+01  0.505704E+00  0.195706E-01
  0.169748E+01  0.541707E+00  0.193640E-01
  0.170021E+01  0.541686E+00  0.196961E-01
  0.170295E+01  0.526540E+00  0.194724E-01
  0.170568E+01  0.499480E+00  0.195461E-01
  0.170841E+01  0.493311E+00  0.194423E-01
  0.171115E+01  0.505879E+00  0.195995E-01
  0.171388E+01  0.496133E+00  0.195723E-01
  0.171662E+01  0.483004E+00  0.194370E-01
  0.171935E+01  0.515297E+00  0.194649E-01
  0.172208E+01  0.484188E+00  0.192877E-01
  0.172482E+01  0.463254E+00  0.192717E-01
  0.172755E+01  0.485642E+00  0.193894E-01
  0.173029E+01  0.480184E+00  0.195118E-01
  0.173302E+01  0.482067E+00  0.193432E-01
  0.173575E+01  0.458678E+00  0.191969E-01
  0.173849E+01  0.479414E+00  0.193385E-01
  0.174122E+01  0.493397E+00  0.194044E-01
  0.174396E+01  0.453892E+00  0.191856E-01
  0.174669E+01  0.462767E+00  0.190833E-01
  0.174942E+01  0.449214E+00  0.192418E-01
  0.175216E+01  0.435817E+00  0.191431E-01
  0.175489E+01  0.469348E+00  0.192882E-01
  0.175763E+01  0.437785E+00  0.190775E-01
  0.176036E+01  0.443157E+00  0.191405E-01
  0.176309E+01  0.447911E+00  0.189783E-01
  0.176583E+01  0.425330E+00  0.190988E-01
  0.176856E+01  0.443369E+00  0.193118E-01
  0.177130E+01  0.422372E+00  0.191581E-01
  0.177403E+01  0.438607E+00  0.191551E-01
  0.177676E+01  0.444160E+00  0.190147E-01
  0.177950E+01  0.409816E+00  0.190066E-01
  0.178223E+01  0.443149E+00  0.189334E-01
  0.178497E+01  0.394099E+00  0.190075E-01
  0.178770E+01  0.409505E+00  0.189501E-01
  0.179043E+01  0.411176E+00  0.190014E-01
  0.179317E+01  0.386479E+00  0.189613E-01
  0.179590E+01  0.393627E+00  0.187142E-01
  0.179864E+01  0.395744E+00  0.190846E-01
  0.180137E+01  0.411773E+00  0.191257E-01
  0.180410E+01  0.416516E+00  0.189938E-01
  0.180684E+01  0.416034E+00  0.188467E-01
  0.180957E+01  0.409965E+00  0.189823E-01
  0.181231E+01  0.359340E+00  0.189029E-01
  0.181504E+01  0.392016E+00  0.189272E-01
  0.181777E+01  0.418743E+00  0.188214E-01
  0.182051E+01  0.421547E+00  0.190699E-01
  0.182324E+01  0.356343E+00  0.187950E-01
  0.182598E+01  0.337424E+00  0.185558E-01
  0.182871E+01  0.379226E+00  0.188986E-01
  0.183145E+01  0.349075E+00  0.184975E-01
  0.183418E+01  0.377021E+00  0.188654E-01
  0.183691E+01  0.367642E+00  0.188381E-01
  0.183965E+01  0.361373E+00  0.187799E-01
  0.184238E+01  0.345269E+00  0.186648E-01
  0.184512E+01  0.356377E+00  0.186650E-01
  0.184785E+01  0.380424E+00  0.188378E-01
  0.185058E+01  0.367005E+00  0.186337E-01
  0.185332E+01  0.335888E+00  0.187226E-01
  0.185605E+01  0.360143E+00  0.186406E-01
  0.185879E+01  0.362587E+00  0.186048E-01
  0.186152E+01  0.334860E+00  0.186299E-01
  0.186425E+01  0.348279E+00  0.187072E-01
  0.186699E+01  0.352102E+00  0.187336E-01
  0.186972E+01  0.326348E+00  0.186836E-01
  0.187246E+01  0.331771E+00  0.184032E-01
  0.187519E+01  0.332421E+00  0.185555E-01
  0.187792E+01  0.328342E+00  0.183869E-01
  0.188066E+01  0.345483E+00  0.185016E-01
  0.188339E+01  0.356377E+00  0.186820E-01
  0.188613E+01  0.341443E+00  0.185108E-01
  0.188886E+01  0.320294E+00  0.183913E-01
  0.189159E+01  0.344114E+00  0.183678E-01
  0.189433E+01  0.316789E+00  0.184165E-01
  0.189706E+01  0.316490E+00  0.183751E-01
  0.189980E+01  0.327625E+00  0.184435E-01
  0.190253E+01  0.310537E+00  0.182324E-01
  0.190526E+01  0.315995E+00  0.185397E-01
  0.190800E+01  0.317651E+00  0.184075E-01
  0.191073E+01  0.325789E+00  0.182023E-01
  0.191347E+01  0.299310E+00  0.184442E-01
  0.191620E+01  0.305971E+00  0.182167E-01
  0.191893E+01  0.307606E+00  0.183014E-01
  0.192167E+01  0.300728E+00  0.184450E-01
  0.192440E+01  0.295179E+00  0.180933E-01
  0.192714E+01  0.313461E+00  0.182606E-01
  0.192987E+01  0.295439E+00  0.183844E-01
  0.193260E+01  0.326503E+00  0.183867E-01
  0.193534E+01  0.301345E+00  0.183037E-01
  0.193807E+01  0.294700E+00  0.183307E-01
  0.194081E+01  0.299568E+00  0.183431E-01
  0.194354E+01  0.316473E+00  0.180295E-01
  0.194627E+01  0.288626E+00  0.182782E-01
  0.194901E+01  0.316932E+00  0.181926E-01
  0.195174E+01  0.287732E+00  0.181709E-01
  0.195448E+01  0.316451E+00  0.183577E-01
  0.195721E+01  0.283312E+00  0.183023E-01
  0.195995E+01  0.291082E+00  0.183241E-01
  0.196268E+01  0.275508E+00  0.181727E-01
  0.196541E+01  0.283886E+00  0.182931E-01
  0.196815E+01  0.275379E+00  0.181371E-01
  0.197088E+01  0.274569E+00  0.183216E-01
  0.197362E+01  0.272626E+00  0.181958E-01
  0.197635E+01  0.305005E+00  0.181271E-01
  0.197908E+01  0.253534E+00  0.181851E-01
  0.198182E+01  0.267912E+00  0.179929E-01
  0.198455E+01  0.268516E+00  0.180123E-01
  0.198729E+01  0.289129E+00  0.181241E-01
  0.199002E+01  0.284929E+00  0.181873E-01
  0.199275E+01  0.281876E+00  0.182032E-01
  0.199549E+01  0.286181E+00  0.180800E-01
  0.199822E+01  0.296726E+00  0.181842E-01
  0.200096E+01  0.274263E+00  0.179599E-01
  0.200369E+01  0.283896E+00  0.183325E-01
  0.200642E+01  0.221048E+00  0.179135E-01
  0.200916E+01  0.273026E+00  0.180853E-01
  0.201189E+01  0.257678E+00  0.180281E-01
  0.201463E+01  0.261551E+00  0.180797E-01
  0.201736E+01  0.255352E+00  0.180751E-01
  0.202009E+01  0.260575E+00  0.180384E-01
  0.202283E+01  0.243862E+00  0.179783E-01
  0.202556E+01  0.278526E+00  0.182265E-01
  0.202830E+01  0.253582E+00  0.178964E-01
  0.203103E+01  0.277581E+00  0.181675E-01
  0.203376E+01  0.275097E+00  0.183293E-01
  0.203650E+01  0.276179E+00  0.179782E-01
  0.203923E+01  0.278849E+00  0.179633E-01
  0.204197E+01  0.284264E+00  0.181557E-01
  0.204470E+01  0.247774E+00  0.180802E-01
  0.204743E+01  0.280554E+00  0.180189E-01
  0.205017E+01  0.279054E+00  0.178595E-01
  0.205290E+01  0.281790E+00  0.181400E-01
  0.205564E+01  0.278456E+00  0.181490E-01
  0.205837E+01  0.251767E+00  0.180770E-01
  0.206110E+01  0.244059E+00  0.180414E-01
  0.206384E+01  0.244725E+00  0.179744E-01
  0.206657E+01  0.257459E+00  0.180045E-01
  0.206931E+01  0.254477E+00  0.181005E-01
  0.207204E+01  0.258638E+00  0.180958E-01
  0.207477E+01  0.246095E+00  0.180447E-01
  0.207751E+01  0.230646E+00  0.178002E-01
  0.208024E+01  0.256760E+00  0.180041E-01
  0.208298E+01  0.254341E+00  0.178202E-01
  0.208571E+01  0.246658E+00  0.180126E-01
  0.208845E+01  0.240975E+00  0.179156E-01
  0.209118E+01  0.232174E+00  0.178585E-01
  0.209391E+01  0.242037E+00  0.180793E-01
  0.209665E+01  0.243883E+00  0.178705E-01
  0.209938E+01  0.257148E+00  0.178614E-01
  0.210212E+01  0.254624E+00  0.178427E-01
  0.210485E+01  0.267077E+00  0.182003E-01
  0.210758E+01  0.261823E+00  0.179393E-01
  0.211032E+01  0.252692E+00  0.179188E-01
  0.211305E+01  0.240570E+00  0.178008E-01
  0.211579E+01  0.267286E+00  0.179613E-01
  0.211852E+01  0.236538E+00  0.178650E-01
  0.212125E+01  0.242298E+00  0.178355E-01
  0.212399E+01  0.246772E+00  0.178475E-01
  0.212672E+01  0.272498E+00  0.179691E-01
  0.212946E+01  0.269718E+00  0.177755E-01
  0.213219E+01  0.231296E+00  0.178780E-01
  0.213492E+01  0.249425E+00  0.177899E-01
  0.213766E+01  0.213691E+00  0.176546E-01
  0.214039E+01  0.243662E+00  0.179251E-01
  0.214313E+01  0.267264E+00  0.179257E-01
  0.214586E+01  0.270111E+00  0.179998E-01
  0.214859E+01  0.228855E+00  0.177306E-01
  0.215133E+01  0.257459E+00  0.179786E-01
  0.215406E+01  0.253564E+00  0.179140E-01
  0.215680E+01  0.267095E+00  0.178536E-01
  0.215953E+01  0.250266E+00  0.178065E-01
  0.216226E+01  0.265543E+00  0.177140E-01
  0.216500E+01  0.245128E+00  0.177382E-01
  0.216773E+01  0.222632E+00  0.177824E-01
  0.217047E+01  0.256548E+00  0.177348E-01
  0.217320E+01  0.252727E+00  0.178528E-01
  0.217593E+01  0.249938E+00  0.178686E-01
  0.217867E+01  0.221335E+00  0.177107E-01
  0.218140E+01  0.222904E+00  0.176953E-01
  0.218414E+01  0.247588E+00  0.177905E-01
  0.218687E+01  0.263235E+00  0.179121E-01
  0.218960E+01  0.239127E+00  0.179042E-01
  0.219234E+01  0.264925E+00  0.177329E-01
  0.219507E+01  0.258380E+00  0.177916E-01
  0.219781E+01  0.257547E+00  0.176829E-01
  0.220054E+01  0.256915E+00  0.179673E-01
  0.220328E+01  0.251046E+00  0.179079E-01
  0.220601E+01  0.239166E+00  0.176370E-01
  0.220874E+01  0.240013E+00  0.177921E-01
  0.221148E+01  0.239537E+00  0.177067E-01
  0.221421E+01  0.236033E+00  0.176659E-01
  0.221695E+01  0.246467E+00  0.177459E-01
  0.221968E+01  0.245977E+00  0.176532E-01
  0.222241E+01  0.256980E+00  0.178308E-01
  0.222515E+01  0.232092E+00  0.175683E-01
  0.222788E+01  0.250661E+00  0.178164E-01
  0.223062E+01  0.250384E+00  0.175163E-01
  0.223335E+01  0.248673E+00  0.177219E-01
  0.223608E+01  0.252349E+00  0.177441E-01
  0.223882E+01  0.255168E+00  0.177625E-01
  0.224155E+01  0.251086E+00  0.178529E-01
  0.224429E+01  0.249678E+00  0.177759E-01
  0.224702E+01  0.233320E+00  0.176820E-01
  0.224975E+01  0.243928E+00  0.176641E-01
  0.225249E+01  0.222126E+00  0.175501E-01
  0.225522E+01  0.247867E+00  0.176380E-01
  0.225796E+01  0.255550E+00  0.176349E-01
  0.226069E+01  0.254500E+00  0.177969E-01
  0.226342E+01  0.265682E+00  0.178370E-01
  0.226616E+01  0.252733E+00  0.178172E-01
  0.226889E+01  0.274340E+00  0.177577E-01
  0.227163E+01  0.231172E+00  0.176904E-01
  0.227436E+01  0.266884E+00  0.177007E-01
  0.227709E+01  0.289273E+00  0.177482E-01
  0.227983E+01  0.247379E+00  0.176563E-01
  0.228256E+01  0.221452E+00  0.176189E-01
  0.228530E+01  0.250769E+00  0.176134E-01
  0.228803E+01  0.248867E+00  0.176834E-01
  0.229076E+01  0.244053E+00  0.178453E-01
  0.229350E+01  0.256955E+00  0.177608E-01
  0.229623E+01  0.256222E+00  0.176110E-01
  0.229897E+01  0.272959E+00  0.176503E-01
  0.230170E+01  0.248907E+00  0.177006E-01
  0.230443E+01  0.229624E+00  0.175094E-01
  0.230717E+01  0.249376E+00  0.177620E-01
  0.230990E+01  0.256158E+00  0.177040E-01
  0.231264E+01  0.269381E+00  0.176694E-01
  0.231537E+01  0.254556E+00  0.174449E-01
  0.231810E+01  0.260716E+00  0.174880E-01
  0.232084E+01  0.287559E+00  0.176482E-01
  0.232357E+01  0.224580E+00  0.175624E-01
  0.232631E+01  0.272859E+00  0.174860E-01
  0.232904E+01  0.290400E+00  0.175814E-01
  0.233178E+01  0.262460E+00  0.175493E-01
  0.233451E+01  0.307959E+00  0.176852E-01
  0.233724E+01  0.278437E+00  0.174549E-01
  0.233998E+01  0.256064E+00  0.174761E-01
  0.234271E+01  0.271188E+00  0.176894E-01
  0.234545E+01  0.260871E+00  0.176541E-01
  0.234818E+01  0.278528E+00  0.176472E-01
  0.235091E+01  0.239378E+00  0.175222E-01
  0.235365E+01  0.272052E+00  0.176980E-01
  0.235638E+01  0.273977E+00  0.176324E-01
  0.235912E+01  0.281037E+00  0.177057E-01
  0.236185E+01  0.277092E+00  0.176608E-01
  0.236458E+01  0.242403E+00  0.176800E-01
  0.236732E+01  0.257590E+00  0.175746E-01
  0.237005E+01  0.292071E+00  0.177887E-01
  0.237279E+01  0.285811E+00  0.175356E-01
  0.237552E+01  0.283839E+00  0.175885E-01
  0.237825E+01  0.274626E+00  0.176717E-01
  0.238099E+01  0.265539E+00  0.176320E-01
  0.238372E+01  0.287954E+00  0.174986E-01
  0.238646E+01  0.246752E+00  0.177055E-01
  0.238919E+01  0.301288E+00  0.175783E-01
  0.239192E+01  0.291433E+00  0.176453E-01
  0.239466E+01  0.279336E+00  0.176759E-01
  0.239739E+01  0.273521E+00  0.175694E-01
  0.240013E+01  0.262445E+00  0.175599E-01
  0.240286E+01  0.292737E+00  0.176330E-01
  0.240559E+01  0.253921E+00  0.174726E-01
  0.240833E+01  0.308898E+00  0.177616E-01
  0.241106E+01  0.272018E+00  0.175763E-01
  0.241380E+01  0.273602E+00  0.176161E-01
  0.241653E+01  0.313968E+00  0.175935E-01
  0.241926E+01  0.322440E+00  0.176062E-01
  0.242200E+01  0.316280E+00  0.175662E-01
  0.242473E+01  0.304812E+00  0.176281E-01
  0.242747E+01  0.270978E+00  0.176059E-01
  0.243020E+01  0.293069E+00  0.175306E-01
  0.243293E+01  0.288941E+00  0.175623E-01
  0.243567E+01  0.266263E+00  0.175667E-01
  0.243840E+01  0.278387E+00  0.173771E-01
  0.244114E+01  0.305233E+00  0.177325E-01
  0.244387E+01  0.268907E+00  0.175577E-01
  0.244660E+01  0.319727E+00  0.177810E-01
  0.244934E+01  0.286133E+00  0.175985E-01
  0.245207E+01  0.322318E+00  0.175803E-01
  0.245481E+01  0.282322E+00  0.176181E-01
  0.245754E+01  0.304635E+00  0.176267E-01
  0.246028E+01  0.310353E+00  0.176539E-01
  0.246301E+01  0.282331E+00  0.175413E-01
  0.246574E+01  0.259327E+00  0.174822E-01
  0.246848E+01  0.271260E+00  0.175250E-01
  0.247121E+01  0.303942E+00  0.176297E-01
  0.247395E+01  0.302788E+00  0.175470E-01
  0.247668E+01  0.284624E+00  0.176765E-01
  0.247941E+01  0.290437E+00  0.175535E-01
  0.248215E+01  0.304579E+00  0.176080E-01
  0.248488E+01  0.296220E+00  0.175435E-01
  0.248762E+01  0.269850E+00  0.175127E-01
  0.249035E+01  0.293184E+00  0.175882E-01
  0.249308E+01  0.272142E+00  0.173621E-01
  0.249582E+01  0.311289E+00  0.176324E-01
  0.249855E+01  0.296903E+00  0.175619E-01
  0.250129E+01  0.287484E+00  0.175097E-01
  0.250402E+01  0.294280E+00  0.176100E-01
  0.250675E+01  0.285464E+00  0.174917E-01
  0.250949E+01  0.314078E+00  0.175586E-01
  0.251222E+01  0.309795E+00  0.176612E-01
  0.251496E+01  0.289298E+00  0.175694E-01
  0.251769E+01  0.296719E+00  0.174588E-01
  0.252042E+01  0.304022E+00  0.175308E-01
  0.252316E+01  0.277075E+00  0.175489E-01
  0.252589E+01  0.298260E+00  0.174618E-01
  0.252863E+01  0.291937E+00  0.174835E-01
  0.253136E+01  0.317916E+00  0.176174E-01
  0.253409E+01  0.310019E+00  0.174441E-01
  0.253683E+01  0.282158E+00  0.175283E-01
  0.253956E+01  0.314697E+00  0.175052E-01
  0.254230E+01  0.302261E+00  0.175451E-01
  0.254503E+01  0.271841E+00  0.174784E-01
  0.254776E+01  0.312471E+00  0.174695E-01
  0.255050E+01  0.276981E+00  0.174892E-01
  0.255323E+01  0.279143E+00  0.174228E-01
  0.255597E+01  0.304200E+00  0.175301E-01
  0.255870E+01  0.268148E+00  0.172953E-01
  0.256143E+01  0.310852E+00  0.173962E-01
  0.256417E+01  0.356825E+00  0.176773E-01
  0.256690E+01  0.302642E+00  0.175002E-01
  0.256964E+01  0.302152E+00  0.175151E-01
  0.257237E+01  0.291343E+00  0.172686E-01
  0.257510E+01  0.298234E+00  0.173859E-01
  0.257784E+01  0.326173E+00  0.175084E-01
  0.258057E+01  0.329909E+00  0.176299E-01
  0.258331E+01  0.292641E+00  0.194276E-01
  0.258604E+01  0.327408E+00  0.207254E-01
  0.258878E+01  0.315027E+00  0.216761E-01
  0.259151E+01  0.341078E+00  0.224475E-01
  0.259424E+01  0.319451E+00  0.232374E-01
  0.259698E+01  0.290064E+00  0.240483E-01
  0.259971E+01  0.264508E+00  0.249226E-01
  0.260245E+01  0.322849E+00  0.262805E-01
  0.260518E+01  0.266718E+00  0.263781E-01
  0.260791E+01  0.318260E+00  0.280100E-01
  0.261065E+01  0.283557E+00  0.281158E-01
  0.261338E+01  0.284469E+00  0.288611E-01
  0.261612E+01  0.306150E+00  0.231300E-01
  0.261885E+01  0.298487E+00  0.220563E-01
  0.262158E+01  0.308014E+00  0.215990E-01
  0.262432E+01  0.320250E+00  0.212138E-01
  0.262705E+01  0.300805E+00  0.204308E-01
  0.262979E+01  0.293516E+00  0.201146E-01
  0.263252E+01  0.305316E+00  0.198304E-01
  0.263525E+01  0.316061E+00  0.194524E-01
  0.263799E+01  0.298905E+00  0.193979E-01
  0.264072E+01  0.304356E+00  0.190916E-01
  0.264346E+01  0.310476E+00  0.192792E-01
  0.264619E+01  0.326152E+00  0.192752E-01
  0.264892E+01  0.306366E+00  0.189821E-01
  0.265166E+01  0.339089E+00  0.190172E-01
  0.265439E+01  0.331782E+00  0.191707E-01
  0.265713E+01  0.316762E+00  0.191485E-01
  0.265986E+01  0.282858E+00  0.188541E-01
  0.266259E+01  0.303735E+00  0.189805E-01
  0.266533E+01  0.302359E+00  0.187337E-01
  0.266806E+01  0.302168E+00  0.190645E-01
  0.267080E+01  0.304708E+00  0.187606E-01
  0.267353E+01  0.324446E+00  0.188267E-01
  0.267626E+01  0.297435E+00  0.188107E-01
  0.267900E+01  0.324812E+00  0.188321E-01
  0.268173E+01  0.319967E+00  0.187061E-01
  0.268447E+01  0.320353E+00  0.188000E-01
  0.268720E+01  0.297445E+00  0.186791E-01
  0.268993E+01  0.325071E+00  0.189396E-01
  0.269267E+01  0.309663E+00  0.187179E-01
  0.269540E+01  0.289166E+00  0.184999E-01
  0.269814E+01  0.315923E+00  0.186170E-01
  0.270087E+01  0.277343E+00  0.182714E-01
  0.270361E+01  0.341393E+00  0.184525E-01
  0.270634E+01  0.310952E+00  0.182847E-01
  0.270907E+01  0.324880E+00  0.182882E-01
  0.271181E+01  0.298191E+00  0.181983E-01
  0.271454E+01  0.293320E+00  0.181211E-01
  0.271728E+01  0.312238E+00  0.179666E-01
  0.272001E+01  0.330578E+00  0.178470E-01
  0.272274E+01  0.302072E+00  0.176651E-01
  0.272548E+01  0.314178E+00  0.177480E-01
  0.272821E+01  0.276582E+00  0.177291E-01
  0.273095E+01  0.279093E+00  0.177378E-01
  0.273368E+01  0.341037E+00  0.179165E-01
  0.273641E+01  0.323762E+00  0.178988E-01
  0.273915E+01  0.291963E+00  0.177585E-01
  0.274188E+01  0.285444E+00  0.176840E-01
  0.274462E+01  0.282621E+00  0.176063E-01
  0.274735E+01  0.320372E+00  0.177145E-01
  0.275008E+01  0.293709E+00  0.176651E-01
  0.275282E+01  0.300041E+00  0.179292E-01
  0.275555E+01  0.306339E+00  0.177965E-01
  0.275829E+01  0.290963E+00  0.175753E-01
  0.276102E+01  0.273173E+00  0.175814E-01
  0.276375E+01  0.302420E+00  0.178573E-01
  0.276649E+01  0.270712E+00  0.176535E-01
  0.276922E+01  0.283814E+00  0.175502E-01
  0.277196E+01  0.291841E+00  0.174751E-01
  0.277469E+01  0.278557E+00  0.174748E-01
  0.277742E+01  0.284564E+00  0.176351E-01
  0.278016E+01  0.281009E+00  0.174762E-01
  0.278289E+01  0.293678E+00  0.176091E-01
  0.278563E+01  0.302720E+00  0.176920E-01
  0.278836E+01  0.289385E+00  0.176287E-01
  0.279109E+01  0.313874E+00  0.177070E-01
  0.279383E+01  0.264822E+00  0.177278E-01
  0.279656E+01  0.267903E+00  0.175621E-01
  0.279930E+01  0.299087E+00  0.177899E-01
  0.280203E+01  0.286954E+00  0.174737E-01
  0.280476E+01  0.281793E+00  0.176056E-01
  0.280750E+01  0.311696E+00  0.176865E-01
  0.281023E+01  0.307645E+00  0.175943E-01
  0.281297E+01  0.290259E+00  0.176340E-01
  0.281570E+01  0.281533E+00  0.174659E-01
  0.281843E+01  0.290451E+00  0.174547E-01
  0.282117E+01  0.295583E+00  0.176212E-01
  0.282390E+01  0.303422E+00  0.176982E-01
  0.282664E+01  0.300248E+00  0.176478E-01
  0.282937E+01  0.271728E+00  0.174495E-01
  0.283211E+01  0.318592E+00  0.175764E-01
  0.283484E+01  0.279870E+00  0.174619E-01
  0.283757E+01  0.279564E+00  0.173725E-01
  0.284031E+01  0.297499E+00  0.175849E-01
  0.284304E+01  0.275764E+00  0.174030E-01
  0.284578E+01  0.279542E+00  0.174628E-01
  0.284851E+01  0.323628E+00  0.176684E-01
  0.285124E+01  0.257201E+00  0.174422E-01
  0.285398E+01  0.267510E+00  0.172747E-01
  0.285671E+01  0.252488E+00  0.174261E-01
  0.285945E+01  0.297605E+00  0.176069E-01
  0.286218E+01  0.271052E+00  0.175035E-01
  0.286491E+01  0.275380E+00  0.174389E-01
  0.286765E+01  0.275295E+00  0.174265E-01
  0.287038E+01  0.282820E+00  0.175166E-01
  0.287312E+01  0.273317E+00  0.173122E-01
  0.287585E+01  0.276288E+00  0.172368E-01
  0.287858E+01  0.291934E+00  0.175288E-01
  0.288132E+01  0.272368E+00  0.174842E-01
  0.288405E+01  0.271904E+00  0.175121E-01
  0.288679E+01  0.281695E+00  0.174019E-01
  0.288952E+01  0.281153E+00  0.175424E-01
  0.289225E+01  0.279720E+00  0.175823E-01
  0.289499E+01  0.254065E+00  0.173614E-01
  0.289772E+01  0.244192E+00  0.171253E-01
  0.290046E+01  0.274326E+00  0.174136E-01
  0.290319E+01  0.251697E+00  0.172838E-01
  0.290592E+01  0.289223E+00  0.173603E-01
  0.290866E+01  0.269981E+00  0.173223E-01
  0.291139E+01  0.269532E+00  0.173321E-01
  0.291413E+01  0.274233E+00  0.171750E-01
  0.291686E+01  0.279096E+00  0.174216E-01
  0.291959E+01  0.305758E+00  0.173749E-01
  0.292233E+01  0.261966E+00  0.172828E-01
  0.292506E+01  0.256724E+00  0.172465E-01
  0.292780E+01  0.242062E+00  0.171706E-01
  0.293053E+01  0.264955E+00  0.172699E-01
  0.293326E+01  0.244474E+00  0.171299E-01
  0.293600E+01  0.260573E+00  0.171797E-01
  0.293873E+01  0.244245E+00  0.172087E-01
  0.294147E+01  0.247844E+00  0.171471E-01
  0.294420E+01  0.254550E+00  0.172132E-01
  0.294693E+01  0.235021E+00  0.172859E-01
  0.294967E+01  0.251163E+00  0.172828E-01
  0.295240E+01  0.223769E+00  0.172536E-01
  0.295514E+01  0.234398E+00  0.171909E-01
  0.295787E+01  0.230898E+00  0.172709E-01
  0.296061E+01  0.262864E+00  0.171769E-01
  0.296334E+01  0.236006E+00  0.172351E-01
  0.296607E+01  0.236481E+00  0.170877E-01
  0.296881E+01  0.258449E+00  0.171724E-01
  0.297154E+01  0.242711E+00  0.171584E-01
  0.297428E+01  0.236459E+00  0.170870E-01
  0.297701E+01  0.236264E+00  0.173063E-01
  0.297974E+01  0.258501E+00  0.172133E-01
  0.298248E+01  0.241902E+00  0.171869E-01
  0.298521E+01  0.255238E+00  0.170764E-01
  0.298795E+01  0.245228E+00  0.170561E-01
  0.299068E+01  0.273018E+00  0.173204E-01
  0.299341E+01  0.208080E+00  0.169607E-01
  0.299615E+01  0.278277E+00  0.172334E-01
  0.299888E+01  0.248466E+00  0.171324E-01
  0.300162E+01  0.213695E+00  0.170487E-01
  0.300435E+01  0.226835E+00  0.170199E-01
  0.300708E+01  0.251699E+00  0.170068E-01
  0.300982E+01  0.233081E+00  0.171404E-01
  0.301255E+01  0.208990E+00  0.168963E-01
  0.301529E+01  0.249537E+00  0.170607E-01
  0.301802E+01  0.204616E+00  0.168919E-01
  0.302075E+01  0.235346E+00  0.169184E-01
  0.302349E+01  0.225470E+00  0.170624E-01
  0.302622E+01  0.234918E+00  0.168911E-01
  0.302896E+01  0.192175E+00  0.168198E-01
  0.303169E+01  0.216931E+00  0.169940E-01
  0.303442E+01  0.212066E+00  0.169270E-01
  0.303716E+01  0.241086E+00  0.170609E-01
  0.303989E+01  0.207258E+00  0.169298E-01
  0.304263E+01  0.218262E+00  0.170618E-01
  0.304536E+01  0.230746E+00  0.169916E-01
  0.304809E+01  0.261571E+00  0.171659E-01
  0.305083E+01  0.255143E+00  0.171473E-01
  0.305356E+01  0.215283E+00  0.170262E-01
  0.305630E+01  0.208681E+00  0.168689E-01
  0.305903E+01  0.232867E+00  0.170143E-01
  0.306176E+01  0.216277E+00  0.169323E-01
  0.306450E+01  0.235678E+00  0.169713E-01
  0.306723E+01  0.211091E+00  0.169757E-01
  0.306997E+01  0.204445E+00  0.167627E-01
  0.307270E+01  0.209516E+00  0.168135E-01
  0.307543E+01  0.203278E+00  0.168501E-01
  0.307817E+01  0.224032E+00  0.170301E-01
  0.308090E+01  0.226437E+00  0.169532E-01
  0.308364E+01  0.214652E+00  0.167960E-01
  0.308637E+01  0.198262E+00  0.167478E-01
  0.308911E+01  0.185116E+00  0.168121E-01
  0.309184E+01  0.182278E+00  0.170043E-01
  0.309457E+01  0.208443E+00  0.166722E-01
  0.309731E+01  0.190130E+00  0.167476E-01
  0.310004E+01  0.200883E+00  0.168471E-01
  0.310278E+01  0.202901E+00  0.168318E-01
  0.310551E+01  0.206196E+00  0.167850E-01
  0.310824E+01  0.221070E+00  0.168277E-01
  0.311098E+01  0.183432E+00  0.168326E-01
  0.311371E+01  0.182627E+00  0.168083E-01
  0.311645E+01  0.211320E+00  0.167952E-01
  0.311918E+01  0.182240E+00  0.167440E-01
  0.312191E+01  0.228880E+00  0.169222E-01
  0.312465E+01  0.185522E+00  0.167379E-01
  0.312738E+01  0.201709E+00  0.168119E-01
  0.313012E+01  0.196591E+00  0.167680E-01
  0.313285E+01  0.189381E+00  0.167303E-01
  0.313558E+01  0.189302E+00  0.165942E-01
  0.313832E+01  0.213731E+00  0.166869E-01
  0.314105E+01  0.197429E+00  0.168072E-01
  0.314379E+01  0.193729E+00  0.167255E-01
  0.314652E+01  0.188732E+00  0.166190E-01
  0.314925E+01  0.187579E+00  0.166497E-01
  0.315199E+01  0.199521E+00  0.168545E-01
  0.315472E+01  0.174491E+00  0.166952E-01
  0.315746E+01  0.182450E+00  0.166314E-01
  0.316019E+01  0.215712E+00  0.167409E-01
  0.316292E+01  0.155083E+00  0.165296E-01
  0.316566E+01  0.195406E+00  0.167705E-01
  0.316839E+01  0.177436E+00  0.166211E-01
  0.317113E+01  0.171019E+00  0.166015E-01
  0.317386E+01  0.179289E+00  0.167298E-01
  0.317659E+01  0.188557E+00  0.166217E-01
  0.317933E+01  0.174428E+00  0.166439E-01
  0.318206E+01  0.175999E+00  0.166240E-01
  0.318480E+01  0.171078E+00  0.165760E-01
  0.318753E+01  0.196152E+00  0.167694E-01
  0.319026E+01  0.188805E+00  0.163868E-01
  0.319300E+01  0.188462E+00  0.166409E-01
  0.319573E+01  0.169864E+00  0.165615E-01
  0.319847E+01  0.178338E+00  0.165853E-01
  0.320120E+01  0.174350E+00  0.164561E-01
  0.320394E+01  0.153047E+00  0.167105E-01
  0.320667E+01  0.169560E+00  0.165694E-01
  0.320940E+01  0.173720E+00  0.164196E-01
  0.321214E+01  0.165121E+00  0.164637E-01
  0.321487E+01  0.148082E+00  0.163962E-01
  0.321761E+01  0.179724E+00  0.167015E-01
  0.322034E+01  0.176758E+00  0.166605E-01
  0.322307E+01  0.207994E+00  0.165412E-01
  0.322581E+01  0.148240E+00  0.164941E-01
  0.322854E+01  0.167298E+00  0.165166E-01
  0.323128E+01  0.190810E+00  0.165777E-01
  0.323401E+01  0.156709E+00  0.164334E-01
  0.323674E+01  0.172505E+00  0.166456E-01
  0.323948E+01  0.163744E+00  0.165189E-01
  0.324221E+01  0.183865E+00  0.165819E-01
  0.324495E+01  0.179001E+00  0.164392E-01
  0.324768E+01  0.155144E+00  0.165466E-01
  0.325041E+01  0.184757E+00  0.166283E-01
  0.325315E+01  0.164469E+00  0.164316E-01
  0.325588E+01  0.189055E+00  0.165529E-01
  0.325862E+01  0.165349E+00  0.164638E-01
  0.326135E+01  0.164513E+00  0.163869E-01
  0.326408E+01  0.129545E+00  0.165484E-01
  0.326682E+01  0.180334E+00  0.165100E-01
  0.326955E+01  0.148807E+00  0.164432E-01
  0.327229E+01  0.148372E+00  0.163976E-01
  0.327502E+01  0.162632E+00  0.165825E-01
  0.327775E+01  0.160753E+00  0.163734E-01
  0.328049E+01  0.131374E+00  0.163696E-01
  0.328322E+01  0.156944E+00  0.165148E-01
  0.328596E+01  0.169720E+00  0.164800E-01
  0.328869E+01  0.162142E+00  0.162906E-01
  0.329142E+01  0.149987E+00  0.164345E-01
  0.329416E+01  0.166527E+00  0.163366E-01
  0.329689E+01  0.154240E+00  0.162923E-01
  0.329963E+01  0.161209E+00  0.164752E-01
  0.330236E+01  0.156154E+00  0.164095E-01
  0.330509E+01  0.178496E+00  0.164690E-01
  0.330783E+01  0.135010E+00  0.163755E-01
  0.331056E+01  0.163384E+00  0.164740E-01
  0.331330E+01  0.157791E+00  0.163368E-01
  0.331603E+01  0.146898E+00  0.163992E-01
  0.331876E+01  0.158188E+00  0.163863E-01
  0.332150E+01  0.140296E+00  0.162938E-01
  0.332423E+01  0.170353E+00  0.164478E-01
  0.332697E+01  0.128765E+00  0.164145E-01
  0.332970E+01  0.148936E+00  0.164057E-01
  0.333244E+01  0.110454E+00  0.161382E-01
  0.333517E+01  0.146193E+00  0.163926E-01
  0.333790E+01  0.161805E+00  0.165697E-01
  0.334064E+01  0.151744E+00  0.165716E-01
  0.334337E+01  0.145972E+00  0.163220E-01
  0.334611E+01  0.130048E+00  0.163139E-01
  0.334884E+01  0.155545E+00  0.163013E-01
  0.335157E+01  0.141633E+00  0.161673E-01
  0.335431E+01  0.141420E+00  0.163850E-01
  0.335704E+01  0.130367E+00  0.162633E-01
  0.335978E+01  0.134975E+00  0.162206E-01
  0.336251E+01  0.134213E+00  0.162224E-01
  0.336524E+01  0.112994E+00  0.162849E-01
  0.336798E+01  0.128539E+00  0.163087E-01
  0.337071E+01  0.129553E+00  0.162882E-01
  0.337345E+01  0.112364E+00  0.161760E-01
  0.337618E+01  0.131020E+00  0.162899E-01
  0.337891E+01  0.134761E+00  0.163075E-01
  0.338165E+01  0.149520E+00  0.162370E-01
  0.338438E+01  0.113462E+00  0.162669E-01
  0.338712E+01  0.144002E+00  0.161654E-01
  0.338985E+01  0.149596E+00  0.162584E-01
  0.339258E+01  0.147285E+00  0.163801E-01
  0.339532E+01  0.137008E+00  0.163096E-01
  0.339805E+01  0.149002E+00  0.164236E-01
  0.340079E+01  0.130001E+00  0.162582E-01
  0.340352E+01  0.130790E+00  0.161963E-01
  0.340625E+01  0.129359E+00  0.161505E-01
  0.340899E+01  0.131070E+00  0.163095E-01
  0.341172E+01  0.131476E+00  0.162555E-01
  0.341446E+01  0.156903E+00  0.163012E-01
  0.341719E+01  0.142402E+00  0.164012E-01
  0.341992E+01  0.126381E+00  0.161529E-01
  0.342266E+01  0.130730E+00  0.161422E-01
  0.342539E+01  0.126778E+00  0.161369E-01
  0.342813E+01  0.117336E+00  0.162713E-01
  0.343086E+01  0.111144E+00  0.161823E-01
  0.343359E+01  0.135168E+00  0.161532E-01
  0.343633E+01  0.154263E+00  0.162827E-01
  0.343906E+01  0.128321E+00  0.162516E-01
  0.344180E+01  0.118066E+00  0.161499E-01
  0.344453E+01  0.134619E+00  0.161637E-01
  0.344726E+01  0.134399E+00  0.162338E-01
  0.345000E+01  0.152122E+00  0.161946E-01
  0.345273E+01  0.132301E+00  0.161975E-01
  0.345547E+01  0.131704E+00  0.162410E-01
  0.345820E+01  0.135664E+00  0.160797E-01
  0.346094E+01  0.146849E+00  0.162722E-01
  0.346367E+01  0.124047E+00  0.161714E-01
  0.346640E+01  0.129042E+00  0.161780E-01
  0.346914E+01  0.124936E+00  0.162380E-01
  0.347187E+01  0.146972E+00  0.164540E-01
  0.347461E+01  0.844110E-01  0.159652E-01
  0.347734E+01  0.107116E+00  0.161747E-01
  0.348007E+01  0.136934E+00  0.161032E-01
  0.348281E+01  0.967863E-01  0.160618E-01
  0.348554E+01  0.130593E+00  0.160888E-01
  0.348828E+01  0.112388E+00  0.161700E-01
  0.349101E+01  0.142351E+00  0.160337E-01
  0.349374E+01  0.124503E+00  0.161581E-01
  0.349648E+01  0.118117E+00  0.160966E-01
  0.349921E+01  0.118861E+00  0.161012E-01
  0.350195E+01  0.127002E+00  0.163852E-01
  0.350468E+01  0.134111E+00  0.163455E-01
  0.350741E+01  0.109360E+00  0.160292E-01
  0.351015E+01  0.166792E+00  0.162486E-01
  0.351288E+01  0.948172E-01  0.159786E-01
  0.351562E+01  0.123176E+00  0.160561E-01
  0.351835E+01  0.144241E+00  0.161979E-01
  0.352108E+01  0.139531E+00  0.161698E-01
  0.352382E+01  0.126528E+00  0.160739E-01
  0.352655E+01  0.141460E+00  0.162346E-01
  0.352929E+01  0.137375E+00  0.162506E-01
  0.353202E+01  0.982028E-01  0.160929E-01
  0.353475E+01  0.129463E+00  0.161349E-01
  0.353749E+01  0.130741E+00  0.161164E-01
  0.354022E+01  0.159607E+00  0.161648E-01
  0.354296E+01  0.129880E+00  0.162066E-01
  0.354569E+01  0.121979E+00  0.161433E-01
  0.354842E+01  0.103004E+00  0.160606E-01
  0.355116E+01  0.142187E+00  0.162563E-01
  0.355389E+01  0.114221E+00  0.160688E-01
  0.355663E+01  0.113461E+00  0.160944E-01
  0.355936E+01  0.135510E+00  0.161983E-01
  0.356209E+01  0.129922E+00  0.160837E-01
  0.356483E+01  0.139540E+00  0.162747E-01
  0.356756E+01  0.130621E+00  0.161797E-01
  0.357030E+01  0.120646E+00  0.160165E-01
  0.357303E+01  0.132273E+00  0.160729E-01
  0.357577E+01  0.129719E+00  0.160714E-01
  0.357850E+01  0.102117E+00  0.160451E-01
  0.358123E+01  0.126574E+00  0.162245E-01
  0.358397E+01  0.121591E+00  0.161271E-01
  0.358670E+01  0.119777E+00  0.160344E-01
  0.358944E+01  0.132117E+00  0.162027E-01
  0.359217E+01  0.114333E+00  0.162326E-01
  0.359490E+01  0.132018E+00  0.160882E-01
  0.359764E+01  0.162024E+00  0.162220E-01
  0.360037E+01  0.112144E+00  0.160592E-01
  0.360311E+01  0.122278E+00  0.160745E-01
  0.360584E+01  0.107171E+00  0.160230E-01
  0.360857E+01  0.135483E+00  0.160531E-01
  0.361131E+01  0.105789E+00  0.161485E-01
  0.361404E+01  0.111883E+00  0.159920E-01
  0.361678E+01  0.120012E+00  0.160671E-01
  0.361951E+01  0.116685E+00  0.160539E-01
  0.362224E+01  0.110206E+00  0.160856E-01
  0.362498E+01  0.991470E-01  0.160448E-01
  0.362771E+01  0.137766E+00  0.160747E-01
  0.363045E+01  0.117232E+00  0.159909E-01
  0.363318E+01  0.133619E+00  0.161643E-01
  0.363591E+01  0.105443E+00  0.159872E-01
  0.363865E+01  0.126344E+00  0.160403E-01
  0.364138E+01  0.128560E+00  0.162726E-01
  0.364412E+01  0.148817E+00  0.162010E-01
  0.364685E+01  0.139502E+00  0.162374E-01
  0.364958E+01  0.127341E+00  0.162147E-01
  0.365232E+01  0.111134E+00  0.159610E-01
  0.365505E+01  0.137720E+00  0.161661E-01
  0.365779E+01  0.126943E+00  0.161393E-01
  0.366052E+01  0.110952E+00  0.160748E-01
  0.366325E+01  0.117491E+00  0.162476E-01
  0.366599E+01  0.102297E+00  0.161802E-01
  0.366872E+01  0.947604E-01  0.159727E-01
  0.367146E+01  0.934741E-01  0.160234E-01
  0.367419E+01  0.112852E+00  0.159885E-01
  0.367692E+01  0.131649E+00  0.161187E-01
  0.367966E+01  0.124308E+00  0.160994E-01
  0.368239E+01  0.130437E+00  0.160296E-01
  0.368513E+01  0.136196E+00  0.159650E-01
  0.368786E+01  0.110435E+00  0.160470E-01
  0.369059E+01  0.125364E+00  0.161713E-01
  0.369333E+01  0.131409E+00  0.162159E-01
  0.369606E+01  0.130302E+00  0.162881E-01
  0.369880E+01  0.147167E+00  0.162386E-01
  0.370153E+01  0.931912E-01  0.161065E-01
  0.370427E+01  0.142724E+00  0.160825E-01
  0.370700E+01  0.120162E+00  0.159502E-01
  0.370973E+01  0.127562E+00  0.161755E-01
  0.371247E+01  0.974522E-01  0.159987E-01
  0.371520E+01  0.988718E-01  0.159391E-01
  0.371794E+01  0.145737E+00  0.162470E-01
  0.372067E+01  0.982463E-01  0.161071E-01
  0.372340E+01  0.141447E+00  0.161058E-01
  0.372614E+01  0.137373E+00  0.162239E-01
  0.372887E+01  0.106815E+00  0.161827E-01
  0.373161E+01  0.121596E+00  0.161990E-01
  0.373434E+01  0.989164E-01  0.160467E-01
  0.373707E+01  0.115436E+00  0.162063E-01
  0.373981E+01  0.139721E+00  0.161900E-01
  0.374254E+01  0.135219E+00  0.162878E-01
  0.374528E+01  0.109801E+00  0.160690E-01
  0.374801E+01  0.108708E+00  0.158888E-01
  0.375074E+01  0.110939E+00  0.160153E-01
  0.375348E+01  0.123097E+00  0.161367E-01
  0.375621E+01  0.137439E+00  0.161506E-01
  0.375895E+01  0.120662E+00  0.161893E-01
  0.376168E+01  0.963608E-01  0.161087E-01
  0.376441E+01  0.118670E+00  0.160975E-01
  0.376715E+01  0.115176E+00  0.162501E-01
  0.376988E+01  0.121332E+00  0.161370E-01
  0.377262E+01  0.104729E+00  0.159233E-01
  0.377535E+01  0.110459E+00  0.159573E-01
  0.377808E+01  0.138740E+00  0.162076E-01
  0.378082E+01  0.127761E+00  0.160976E-01
  0.378355E+01  0.127738E+00  0.161874E-01
  0.378629E+01  0.123429E+00  0.161802E-01
  0.378902E+01  0.851315E-01  0.159538E-01
  0.379175E+01  0.123412E+00  0.161099E-01
  0.379449E+01  0.106990E+00  0.161295E-01
  0.379722E+01  0.140984E+00  0.161572E-01
  0.379996E+01  0.126799E+00  0.161396E-01
  0.380269E+01  0.149298E+00  0.162325E-01
  0.380542E+01  0.130750E+00  0.160759E-01
  0.380816E+01  0.132324E+00  0.161975E-01
  0.381089E+01  0.940081E-01  0.161626E-01
  0.381363E+01  0.164553E+00  0.162725E-01
  0.381636E+01  0.134646E+00  0.161337E-01
  0.381909E+01  0.132815E+00  0.158855E-01
  0.382183E+01  0.119732E+00  0.162142E-01
  0.382456E+01  0.139235E+00  0.162089E-01
  0.382730E+01  0.131300E+00  0.161535E-01
  0.383003E+01  0.120108E+00  0.161099E-01
  0.383277E+01  0.122981E+00  0.161434E-01
  0.383550E+01  0.109199E+00  0.162474E-01
  0.383823E+01  0.137811E+00  0.161760E-01
  0.384097E+01  0.133510E+00  0.160698E-01
  0.384370E+01  0.140464E+00  0.161656E-01
  0.384644E+01  0.966917E-01  0.160305E-01
  0.384917E+01  0.151525E+00  0.161995E-01
  0.385190E+01  0.153538E+00  0.162531E-01
  0.385464E+01  0.147400E+00  0.161481E-01
  0.385737E+01  0.108627E+00  0.161587E-01
  0.386011E+01  0.130601E+00  0.162757E-01
  0.386284E+01  0.125560E+00  0.159404E-01
  0.386557E+01  0.125534E+00  0.160905E-01
  0.386831E+01  0.993335E-01  0.160866E-01
  0.387104E+01  0.138160E+00  0.160968E-01
  0.387378E+01  0.137329E+00  0.161196E-01
  0.387651E+01  0.132104E+00  0.161647E-01
  0.387924E+01  0.120114E+00  0.159996E-01
  0.388198E+01  0.148832E+00  0.164351E-01
  0.388471E+01  0.128440E+00  0.161477E-01
  0.388745E+01  0.142012E+00  0.162621E-01
  0.389018E+01  0.125630E+00  0.161731E-01
  0.389291E+01  0.142124E+00  0.161073E-01
  0.389565E+01  0.147467E+00  0.163036E-01
  0.389838E+01  0.114880E+00  0.160866E-01
  0.390112E+01  0.120056E+00  0.160526E-01
  0.390385E+01  0.136548E+00  0.160856E-01
  0.390658E+01  0.142228E+00  0.160496E-01
  0.390932E+01  0.137247E+00  0.161175E-01
  0.391205E+01  0.108063E+00  0.160975E-01
  0.391479E+01  0.138694E+00  0.161382E-01
  0.391752E+01  0.151685E+00  0.162531E-01
  0.392025E+01  0.119105E+00  0.160739E-01
  0.392299E+01  0.138749E+00  0.160710E-01
  0.392572E+01  0.133827E+00  0.160825E-01
  0.392846E+01  0.142416E+00  0.161039E-01
  0.393119E+01  0.151452E+00  0.160029E-01
  0.393392E+01  0.127985E+00  0.160802E-01
  0.393666E+01  0.131814E+00  0.187862E-01
  0.393939E+01  0.864371E-01  0.196657E-01
  0.394213E+01  0.136449E+00  0.206295E-01
  0.394486E+01  0.146868E+00  0.223247E-01
  0.394759E+01  0.156156E+00  0.240899E-01
  0.395033E+01  0.137626E+00  0.250903E-01
  0.395306E+01  0.111020E+00  0.262046E-01
  0.395580E+01  0.157494E+00  0.266879E-01
  0.395853E+01  0.118759E+00  0.279771E-01
  0.396127E+01  0.139430E+00  0.289460E-01
  0.396400E+01  0.149042E+00  0.214800E-01
  0.396673E+01  0.127224E+00  0.202472E-01
  0.396947E+01  0.124737E+00  0.195425E-01
  0.397220E+01  0.123067E+00  0.190191E-01
  0.397494E+01  0.145738E+00  0.184419E-01
  0.397767E+01  0.150637E+00  0.183769E-01
  0.398040E+01  0.915678E-01  0.178655E-01
  0.398314E+01  0.120438E+00  0.180790E-01
  0.398587E+01  0.112521E+00  0.179862E-01
  0.398861E+01  0.128950E+00  0.178877E-01
  0.399134E+01  0.104925E+00  0.177270E-01
  0.399407E+01  0.116982E+00  0.176246E-01
  0.399681E+01  0.153221E+00  0.176210E-01
  0.399954E+01  0.114596E+00  0.177122E-01
  0.400228E+01  0.134140E+00  0.176808E-01
  0.400501E+01  0.140031E+00  0.176284E-01
  0.400774E+01  0.144382E+00  0.175489E-01
  0.401048E+01  0.118170E+00  0.173440E-01
  0.401321E+01  0.143607E+00  0.171603E-01
  0.401595E+01  0.966639E-01  0.168825E-01
  0.401868E+01  0.147054E+00  0.169953E-01
  0.402141E+01  0.138723E+00  0.167870E-01
  0.402415E+01  0.154244E+00  0.168088E-01
  0.402688E+01  0.133378E+00  0.166342E-01
  0.402962E+01  0.139991E+00  0.165048E-01
  0.403235E+01  0.115782E+00  0.163704E-01
  0.403508E+01  0.135854E+00  0.163917E-01
  0.403782E+01  0.142991E+00  0.162285E-01
  0.404055E+01  0.126652E+00  0.163025E-01
  0.404329E+01  0.123025E+00  0.163410E-01
  0.404602E+01  0.145909E+00  0.161198E-01
  0.404875E+01  0.109984E+00  0.163167E-01
  0.405149E+01  0.980020E-01  0.161695E-01
  0.405422E+01  0.157691E+00  0.163325E-01
  0.405696E+01  0.142676E+00  0.162858E-01
  0.405969E+01  0.160217E+00  0.163140E-01
  0.406242E+01  0.122130E+00  0.163400E-01
  0.406516E+01  0.138153E+00  0.160897E-01
  0.406789E+01  0.142537E+00  0.161359E-01
  0.407063E+01  0.143376E+00  0.162594E-01
  0.407336E+01  0.118567E+00  0.162622E-01
  0.407610E+01  0.147483E+00  0.162714E-01
  0.407883E+01  0.127075E+00  0.163149E-01
  0.408156E+01  0.151437E+00  0.162719E-01
  0.408430E+01  0.135025E+00  0.163078E-01
  0.408703E+01  0.144404E+00  0.162716E-01
  0.408977E+01  0.116361E+00  0.162838E-01
  0.409250E+01  0.140579E+00  0.162812E-01
  0.409523E+01  0.127376E+00  0.164972E-01
  0.409797E+01  0.130397E+00  0.161848E-01
  0.410070E+01  0.114989E+00  0.161894E-01
  0.410344E+01  0.151643E+00  0.162850E-01
  0.410617E+01  0.139649E+00  0.162335E-01
  0.410890E+01  0.128967E+00  0.161273E-01
  0.411164E+01  0.119591E+00  0.160864E-01
  0.411437E+01  0.139805E+00  0.163036E-01
  0.411711E+01  0.145980E+00  0.162114E-01
  0.411984E+01  0.142586E+00  0.161903E-01
  0.412257E+01  0.130858E+00  0.160183E-01
  0.412531E+01  0.137469E+00  0.161025E-01
  0.412804E+01  0.127569E+00  0.162753E-01
  0.413078E+01  0.137942E+00  0.162222E-01
  0.413351E+01  0.136120E+00  0.162105E-01
  0.413624E+01  0.146663E+00  0.162222E-01
  0.413898E+01  0.133693E+00  0.163316E-01
  0.414171E+01  0.134476E+00  0.162878E-01
  0.414445E+01  0.143541E+00  0.162704E-01
  0.414718E+01  0.142191E+00  0.161535E-01
  0.414991E+01  0.100768E+00  0.161440E-01
  0.415265E+01  0.138005E+00  0.161884E-01
  0.415538E+01  0.139984E+00  0.163812E-01
  0.415812E+01  0.129330E+00  0.162152E-01
  0.416085E+01  0.158009E+00  0.160301E-01
  0.416358E+01  0.164885E+00  0.162109E-01
  0.416632E+01  0.161033E+00  0.163417E-01
  0.416905E+01  0.147653E+00  0.161978E-01
  0.417179E+01  0.144716E+00  0.163799E-01
  0.417452E+01  0.124900E+00  0.160344E-01
  0.417725E+01  0.130765E+00  0.161517E-01
  0.417999E+01  0.136727E+00  0.161673E-01
  0.418272E+01  0.143982E+00  0.161779E-01
  0.418546E+01  0.142623E+00  0.162252E-01
  0.418819E+01  0.147248E+00  0.162461E-01
  0.419092E+01  0.144286E+00  0.162507E-01
  0.419366E+01  0.168719E+00  0.161980E-01
  0.419639E+01  0.131074E+00  0.163149E-01
  0.419913E+01  0.150384E+00  0.162624E-01
  0.420186E+01  0.134613E+00  0.161259E-01
  0.420460E+01  0.148360E+00  0.162388E-01
  0.420733E+01  0.133115E+00  0.162171E-01
  0.421006E+01  0.145360E+00  0.161616E-01
  0.421280E+01  0.131322E+00  0.161698E-01
  0.421553E+01  0.144616E+00  0.162592E-01
  0.421827E+01  0.111993E+00  0.161742E-01
  0.422100E+01  0.128065E+00  0.162469E-01
  0.422373E+01  0.139671E+00  0.161974E-01
  0.422647E+01  0.149219E+00  0.162124E-01
  0.422920E+01  0.126305E+00  0.161392E-01
  0.423194E+01  0.153328E+00  0.160755E-01
  0.423467E+01  0.144671E+00  0.163344E-01
  0.423740E+01  0.163631E+00  0.161470E-01
  0.424014E+01  0.149711E+00  0.161874E-01
  0.424287E+01  0.169060E+00  0.163118E-01
  0.424561E+01  0.171982E+00  0.161995E-01
  0.424834E+01  0.136771E+00  0.162343E-01
  0.425107E+01  0.155607E+00  0.162252E-01
  0.425381E+01  0.165991E+00  0.162067E-01
  0.425654E+01  0.151874E+00  0.162053E-01
  0.425928E+01  0.147105E+00  0.162926E-01
  0.426201E+01  0.150631E+00  0.162015E-01
  0.426474E+01  0.132713E+00  0.160744E-01
  0.426748E+01  0.194804E+00  0.162118E-01
  0.427021E+01  0.151057E+00  0.161646E-01
  0.427295E+01  0.157038E+00  0.161967E-01
  0.427568E+01  0.152484E+00  0.160430E-01
  0.427841E+01  0.145890E+00  0.162621E-01
  0.428115E+01  0.142012E+00  0.162145E-01
  0.428388E+01  0.157232E+00  0.160554E-01
  0.428662E+01  0.159293E+00  0.161154E-01
  0.428935E+01  0.126438E+00  0.161816E-01
  0.429208E+01  0.143865E+00  0.161676E-01
  0.429482E+01  0.156582E+00  0.160642E-01
  0.429755E+01  0.156895E+00  0.161812E-01
  0.430029E+01  0.157956E+00  0.162523E-01
  0.430302E+01  0.140558E+00  0.159491E-01
  0.430575E+01  0.142734E+00  0.160114E-01
  0.430849E+01  0.140321E+00  0.160176E-01
  0.431122E+01  0.127792E+00  0.160392E-01
  0.431396E+01  0.153859E+00  0.161242E-01
  0.431669E+01  0.130742E+00  0.161390E-01
  0.431942E+01  0.157155E+00  0.162184E-01
  0.432216E+01  0.151210E+00  0.161618E-01
  0.432489E+01  0.162027E+00  0.161833E-01
  0.432763E+01  0.128879E+00  0.161219E-01
  0.433036E+01  0.180482E+00  0.161000E-01
  0.433310E+01  0.147509E+00  0.161447E-01
  0.433583E+01  0.163339E+00  0.162207E-01
  0.433856E+01  0.120519E+00  0.159604E-01
  0.434130E+01  0.147071E+00  0.161174E-01
  0.434403E+01  0.142092E+00  0.161183E-01
  0.434677E+01  0.145131E+00  0.160897E-01
  0.434950E+01  0.138694E+00  0.162331E-01
  0.435223E+01  0.142929E+00  0.161067E-01
  0.435497E+01  0.136374E+00  0.159936E-01
  0.435770E+01  0.147773E+00  0.160811E-01
  0.436044E+01  0.163632E+00  0.161059E-01
  0.436317E+01  0.142378E+00  0.162152E-01
  0.436590E+01  0.144861E+00  0.160782E-01
  0.436864E+01  0.140987E+00  0.161728E-01
  0.437137E+01  0.153323E+00  0.161107E-01
  0.437411E+01  0.173903E+00  0.161598E-01
  0.437684E+01  0.174950E+00  0.162708E-01
  0.437957E+01  0.172429E+00  0.161842E-01
  0.438231E+01  0.159605E+00  0.162361E-01
  0.438504E+01  0.173637E+00  0.162863E-01
  0.438778E+01  0.161898E+00  0.160056E-01
  0.439051E+01  0.136729E+00  0.159511E-01
  0.439324E+01  0.151814E+00  0.161622E-01
  0.439598E+01  0.166793E+00  0.161888E-01
  0.439871E+01  0.186699E+00  0.161103E-01
  0.440145E+01  0.167673E+00  0.161180E-01
  0.440418E+01  0.163197E+00  0.161232E-01
  0.440691E+01  0.146439E+00  0.161910E-01
  0.440965E+01  0.154418E+00  0.162854E-01
  0.441238E+01  0.127750E+00  0.161634E-01
  0.441512E+01  0.149118E+00  0.162888E-01
  0.441785E+01  0.129841E+00  0.160585E-01
  0.442058E+01  0.187951E+00  0.161459E-01
  0.442332E+01  0.155872E+00  0.162039E-01
  0.442605E+01  0.154822E+00  0.162218E-01
  0.442879E+01  0.149426E+00  0.160415E-01
  0.443152E+01  0.129208E+00  0.159369E-01
  0.443425E+01  0.160988E+00  0.161518E-01
  0.443699E+01  0.163018E+00  0.161921E-01
  0.443972E+01  0.171251E+00  0.162130E-01
  0.444246E+01  0.161529E+00  0.161375E-01
  0.444519E+01  0.170067E+00  0.163004E-01
  0.444792E+01  0.131722E+00  0.159034E-01
  0.445066E+01  0.141771E+00  0.162633E-01
  0.445339E+01  0.170831E+00  0.162678E-01
  0.445613E+01  0.151381E+00  0.159740E-01
  0.445886E+01  0.160194E+00  0.160478E-01
  0.446160E+01  0.157098E+00  0.161120E-01
  0.446433E+01  0.187866E+00  0.162015E-01
  0.446706E+01  0.137370E+00  0.160615E-01
  0.446980E+01  0.162843E+00  0.160562E-01
  0.447253E+01  0.153338E+00  0.160688E-01
  0.447527E+01  0.159298E+00  0.161034E-01
  0.447800E+01  0.146272E+00  0.159720E-01
  0.448073E+01  0.176791E+00  0.160365E-01
  0.448347E+01  0.190271E+00  0.161489E-01
  0.448620E+01  0.154695E+00  0.161239E-01
  0.448894E+01  0.153308E+00  0.161664E-01
  0.449167E+01  0.188219E+00  0.161481E-01
  0.449440E+01  0.146883E+00  0.161402E-01
  0.449714E+01  0.163834E+00  0.161763E-01
  0.449987E+01  0.163883E+00  0.160680E-01
  0.450261E+01  0.170622E+00  0.161144E-01
  0.450534E+01  0.159947E+00  0.160221E-01
  0.450807E+01  0.173603E+00  0.162489E-01
  0.451081E+01  0.168102E+00  0.161912E-01
  0.451354E+01  0.166058E+00  0.162068E-01
  0.451628E+01  0.153433E+00  0.160352E-01
  0.451901E+01  0.173317E+00  0.160539E-01
  0.452174E+01  0.141880E+00  0.161474E-01
  0.452448E+01  0.181005E+00  0.160411E-01
  0.452721E+01  0.142831E+00  0.162437E-01
  0.452995E+01  0.157181E+00  0.161776E-01
  0.453268E+01  0.169411E+00  0.160734E-01
  0.453541E+01  0.150053E+00  0.162683E-01
  0.453815E+01  0.158265E+00  0.161657E-01
  0.454088E+01  0.143120E+00  0.160972E-01
  0.454362E+01  0.174753E+00  0.160794E-01
  0.454635E+01  0.168889E+00  0.163202E-01
  0.454908E+01  0.151726E+00  0.161192E-01
  0.455182E+01  0.180295E+00  0.162578E-01
  0.455455E+01  0.158613E+00  0.160194E-01
  0.455729E+01  0.177724E+00  0.162360E-01
  0.456002E+01  0.187160E+00  0.161700E-01
  0.456275E+01  0.182321E+00  0.162348E-01
  0.456549E+01  0.164756E+00  0.162413E-01
  0.456822E+01  0.143841E+00  0.159671E-01
  0.457096E+01  0.144093E+00  0.160823E-01
  0.457369E+01  0.166869E+00  0.161630E-01
  0.457643E+01  0.168635E+00  0.162884E-01
  0.457916E+01  0.179895E+00  0.161289E-01
  0.458189E+01  0.146361E+00  0.161217E-01
  0.458463E+01  0.193336E+00  0.163325E-01
  0.458736E+01  0.152657E+00  0.160489E-01
  0.459010E+01  0.185093E+00  0.164690E-01
  0.459283E+01  0.152822E+00  0.162875E-01
  0.459556E+01  0.166057E+00  0.162853E-01
  0.459830E+01  0.161909E+00  0.164311E-01
  0.460103E+01  0.129021E+00  0.160886E-01
  0.460377E+01  0.202894E+00  0.164185E-01
  0.460650E+01  0.190476E+00  0.162584E-01
  0.460923E+01  0.158332E+00  0.161740E-01
  0.461197E+01  0.126519E+00  0.160864E-01
  0.461470E+01  0.172554E+00  0.162712E-01
  0.461744E+01  0.186180E+00  0.162865E-01
  0.462017E+01  0.187322E+00  0.162387E-01
  0.462290E+01  0.148155E+00  0.161838E-01
  0.462564E+01  0.159243E+00  0.161261E-01
  0.462837E+01  0.173331E+00  0.163798E-01
  0.463111E+01  0.173838E+00  0.162610E-01
  0.463384E+01  0.176667E+00  0.162745E-01
  0.463657E+01  0.181648E+00  0.163362E-01
  0.463931E+01  0.172134E+00  0.160580E-01
  0.464204E+01  0.139804E+00  0.160482E-01
  0.464478E+01  0.164985E+00  0.161675E-01
  0.464751E+01  0.187182E+00  0.162589E-01
  0.465024E+01  0.185259E+00  0.161184E-01
  0.465298E+01  0.143534E+00  0.160227E-01
  0.465571E+01  0.174460E+00  0.161983E-01
  0.465845E+01  0.185393E+00  0.162991E-01
  0.466118E+01  0.194254E+00  0.162773E-01
  0.466391E+01  0.177967E+00  0.161161E-01
  0.466665E+01  0.181752E+00  0.159284E-01
  0.466938E+01  0.144676E+00  0.159633E-01
  0.467212E+01  0.175603E+00  0.160942E-01
  0.467485E+01  0.161699E+00  0.159907E-01
  0.467758E+01  0.185687E+00  0.161243E-01
  0.468032E+01  0.174234E+00  0.160783E-01
  0.468305E+01  0.173224E+00  0.162562E-01
  0.468579E+01  0.188427E+00  0.161319E-01
  0.468852E+01  0.159106E+00  0.163162E-01
  0.469125E+01  0.157756E+00  0.160118E-01
  0.469399E+01  0.164955E+00  0.162176E-01
  0.469672E+01  0.148789E+00  0.161564E-01
  0.469946E+01  0.196758E+00  0.162042E-01
  0.470219E+01  0.164840E+00  0.162803E-01
  0.470493E+01  0.190397E+00  0.162969E-01
  0.470766E+01  0.208666E+00  0.163929E-01
  0.471039E+01  0.190818E+00  0.162202E-01
  0.471313E+01  0.173219E+00  0.163539E-01
  0.471586E+01  0.175785E+00  0.163644E-01
  0.471860E+01  0.177013E+00  0.163367E-01
  0.472133E+01  0.165967E+00  0.162913E-01
  0.472406E+01  0.189531E+00  0.161450E-01
  0.472680E+01  0.189756E+00  0.161849E-01
  0.472953E+01  0.191922E+00  0.162384E-01
  0.473227E+01  0.168397E+00  0.162618E-01
  0.473500E+01  0.157267E+00  0.163286E-01
  0.473773E+01  0.174669E+00  0.161434E-01
  0.474047E+01  0.151732E+00  0.162728E-01
  0.474320E+01  0.169494E+00  0.164890E-01
  0.474594E+01  0.183432E+00  0.163218E-01
  0.474867E+01  0.156122E+00  0.161569E-01
  0.475140E+01  0.182554E+00  0.162917E-01
  0.475414E+01  0.183046E+00  0.164109E-01
  0.475687E+01  0.157822E+00  0.162938E-01
  0.475961E+01  0.174663E+00  0.164131E-01
  0.476234E+01  0.195994E+00  0.163720E-01
  0.476507E+01  0.172716E+00  0.163658E-01
  0.476781E+01  0.182954E+00  0.162795E-01
  0.477054E+01  0.168180E+00  0.164133E-01
  0.477328E+01  0.155298E+00  0.162688E-01
  0.477601E+01  0.178236E+00  0.163883E-01
  0.477874E+01  0.201018E+00  0.164021E-01
  0.478148E+01  0.196963E+00  0.162963E-01
  0.478421E+01  0.164910E+00  0.163309E-01
  0.478695E+01  0.160734E+00  0.162172E-01
  0.478968E+01  0.174594E+00  0.162924E-01
  0.479241E+01  0.172319E+00  0.162996E-01
  0.479515E+01  0.180930E+00  0.162313E-01
  0.479788E+01  0.167091E+00  0.164113E-01
  0.480062E+01  0.183337E+00  0.163059E-01
  0.480335E+01  0.172349E+00  0.163846E-01
  0.480608E+01  0.141567E+00  0.163174E-01
  0.480882E+01  0.165983E+00  0.162423E-01
  0.481155E+01  0.160030E+00  0.162971E-01
  0.481429E+01  0.159013E+00  0.163143E-01
  0.481702E+01  0.195623E+00  0.162746E-01
  0.481975E+01  0.185913E+00  0.164121E-01
  0.482249E+01  0.151467E+00  0.162961E-01
  0.482522E+01  0.191193E+00  0.162287E-01
  0.482796E+01  0.159273E+00  0.164151E-01
  0.483069E+01  0.158534E+00  0.164193E-01
  0.483343E+01  0.165379E+00  0.162454E-01
  0.483616E+01  0.208125E+00  0.163875E-01
  0.483889E+01  0.169732E+00  0.164245E-01
  0.484163E+01  0.163691E+00  0.164514E-01
  0.484436E+01  0.179853E+00  0.161903E-01
  0.484710E+01  0.166329E+00  0.163342E-01
  0.484983E+01  0.207005E+00  0.164457E-01
  0.485256E+01  0.179527E+00  0.162170E-01
  0.485530E+01  0.169777E+00  0.163239E-01
  0.485803E+01  0.181395E+00  0.163855E-01
  0.486077E+01  0.156773E+00  0.163465E-01
  0.486350E+01  0.175132E+00  0.163562E-01
  0.486623E+01  0.198705E+00  0.164745E-01
  0.486897E+01  0.172833E+00  0.163492E-01
  0.487170E+01  0.172871E+00  0.163317E-01
  0.487444E+01  0.164940E+00  0.162390E-01
  0.487717E+01  0.199471E+00  0.162553E-01
  0.487990E+01  0.174615E+00  0.163063E-01
  0.488264E+01  0.206674E+00  0.165732E-01
  0.488537E+01  0.157341E+00  0.162718E-01
  0.488811E+01  0.192438E+00  0.165717E-01
  0.489084E+01  0.168386E+00  0.163790E-01
  0.489357E+01  0.159994E+00  0.164015E-01
  0.489631E+01  0.213253E+00  0.164412E-01
  0.489904E+01  0.198408E+00  0.163885E-01
  0.490178E+01  0.173395E+00  0.162976E-01
  0.490451E+01  0.176301E+00  0.163256E-01
  0.490724E+01  0.157928E+00  0.164466E-01
  0.490998E+01  0.204245E+00  0.164791E-01
  0.491271E+01  0.172112E+00  0.162748E-01
  0.491545E+01  0.190931E+00  0.164784E-01
  0.491818E+01  0.186958E+00  0.164630E-01
  0.492091E+01  0.164548E+00  0.163043E-01
  0.492365E+01  0.167037E+00  0.163348E-01
  0.492638E+01  0.179200E+00  0.164353E-01
  0.492912E+01  0.196395E+00  0.164426E-01
  0.493185E+01  0.175582E+00  0.164248E-01
  0.493458E+01  0.175724E+00  0.163999E-01
  0.493732E+01  0.166954E+00  0.164352E-01
  0.494005E+01  0.187425E+00  0.165036E-01
  0.494279E+01  0.196420E+00  0.163992E-01
  0.494552E+01  0.178116E+00  0.164936E-01
  0.494825E+01  0.129206E+00  0.163435E-01
  0.495099E+01  0.155199E+00  0.163070E-01
  0.495372E+01  0.171438E+00  0.164215E-01
  0.495646E+01  0.211254E+00  0.163220E-01
  0.495919E+01  0.193473E+00  0.163711E-01
  0.496193E+01  0.173454E+00  0.165271E-01
  0.496466E+01  0.175488E+00  0.163877E-01
  0.496739E+01  0.188518E+00  0.165215E-01
  0.497013E+01  0.198100E+00  0.165260E-01
  0.497286E+01  0.195474E+00  0.165064E-01
  0.497560E+01  0.172466E+00  0.163330E-01
  0.497833E+01  0.184115E+00  0.163457E-01
  0.498106E+01  0.207366E+00  0.165937E-01
  0.498380E+01  0.199773E+00  0.166294E-01
  0.498653E+01  0.193830E+00  0.164568E-01
  0.498927E+01  0.186955E+00  0.163047E-01
  0.499200E+01  0.189979E+00  0.165154E-01
  0.499473E+01  0.195584E+00  0.164020E-01
  0.499747E+01  0.182682E+00  0.165276E-01
  0.500020E+01  0.154920E+00  0.163469E-01
  0.500294E+01  0.178701E+00  0.166545E-01
  0.500567E+01  0.169612E+00  0.164314E-01
  0.500840E+01  0.186444E+00  0.164047E-01
  0.501114E+01  0.195006E+00  0.165244E-01
  0.501387E+01  0.166585E+00  0.165094E-01
  0.501661E+01  0.187200E+00  0.164640E-01
  0.501934E+01  0.202366E+00  0.164048E-01
  0.502207E+01  0.174504E+00  0.164949E-01
  0.502481E+01  0.184894E+00  0.162699E-01
  0.502754E+01  0.165864E+00  0.166710E-01
  0.503028E+01  0.172291E+00  0.164599E-01
  0.503301E+01  0.187340E+00  0.165565E-01
  0.503574E+01  0.169513E+00  0.165167E-01
  0.503848E+01  0.179715E+00  0.164520E-01
  0.504121E+01  0.170441E+00  0.164644E-01
  0.504395E+01  0.175678E+00  0.166157E-01
  0.504668E+01  0.171011E+00  0.163349E-01
  0.504941E+01  0.225838E+00  0.167534E-01
  0.505215E+01  0.193644E+00  0.165505E-01
  0.505488E+01  0.183362E+00  0.165217E-01
  0.505762E+01  0.184175E+00  0.165934E-01
  0.506035E+01  0.206852E+00  0.165681E-01
  0.506308E+01  0.148691E+00  0.164966E-01
  0.506582E+01  0.204024E+00  0.166304E-01
  0.506855E+01  0.202219E+00  0.163980E-01
  0.507129E+01  0.174131E+00  0.165338E-01
  0.507402E+01  0.173721E+00  0.166842E-01
  0.507676E+01  0.174584E+00  0.166122E-01
  0.507949E+01  0.156714E+00  0.165767E-01
  0.508222E+01  0.178252E+00  0.165420E-01
  0.508496E+01  0.170481E+00  0.166707E-01
  0.508769E+01  0.177317E+00  0.166525E-01
  0.509043E+01  0.186636E+00  0.165185E-01
  0.509316E+01  0.185082E+00  0.164922E-01
  0.509589E+01  0.153939E+00  0.165382E-01
  0.509863E+01  0.193059E+00  0.165303E-01
  0.510136E+01  0.167773E+00  0.166909E-01
  0.510410E+01  0.177799E+00  0.167086E-01
  0.510683E+01  0.166435E+00  0.168056E-01
  0.510956E+01  0.170265E+00  0.165996E-01
  0.511230E+01  0.166104E+00  0.166191E-01
  0.511503E+01  0.177047E+00  0.166203E-01
  0.511777E+01  0.150429E+00  0.165708E-01
  0.512050E+01  0.160976E+00  0.166153E-01
  0.512323E+01  0.173156E+00  0.165857E-01
  0.512597E+01  0.183302E+00  0.165585E-01
  0.512870E+01  0.172176E+00  0.165922E-01
  0.513144E+01  0.188922E+00  0.166424E-01
  0.513417E+01  0.172835E+00  0.166717E-01
  0.513690E+01  0.175195E+00  0.166985E-01
  0.513964E+01  0.172641E+00  0.166855E-01
  0.514237E+01  0.190934E+00  0.165642E-01
  0.514511E+01  0.153778E+00  0.165403E-01
  0.514784E+01  0.183025E+00  0.167067E-01
  0.515057E+01  0.204965E+00  0.167335E-01
  0.515331E+01  0.217141E+00  0.166821E-01
  0.515604E+01  0.162733E+00  0.167456E-01
  0.515878E+01  0.184470E+00  0.165177E-01
  0.516151E+01  0.187269E+00  0.167498E-01
  0.516424E+01  0.231641E+00  0.166936E-01
  0.516698E+01  0.206198E+00  0.167815E-01
  0.516971E+01  0.177939E+00  0.167313E-01
  0.517245E+01  0.158280E+00  0.167851E-01
  0.517518E+01  0.177769E+00  0.168660E-01
  0.517791E+01  0.171249E+00  0.166906E-01
  0.518065E+01  0.154999E+00  0.166840E-01
  0.518338E+01  0.175612E+00  0.167993E-01
  0.518612E+01  0.195712E+00  0.166606E-01
  0.518885E+01  0.176861E+00  0.167799E-01
  0.519158E+01  0.194431E+00  0.166342E-01
  0.519432E+01  0.209820E+00  0.168256E-01
  0.519705E+01  0.179500E+00  0.169424E-01
  0.519979E+01  0.160687E+00  0.168561E-01
  0.520252E+01  0.189739E+00  0.168395E-01
  0.520526E+01  0.173588E+00  0.167351E-01
  0.520799E+01  0.209600E+00  0.167700E-01
  0.521072E+01  0.162909E+00  0.168648E-01
  0.521346E+01  0.183081E+00  0.167625E-01
  0.521619E+01  0.187649E+00  0.166921E-01
  0.521893E+01  0.180431E+00  0.167388E-01
  0.522166E+01  0.177730E+00  0.167230E-01
  0.522439E+01  0.185169E+00  0.167680E-01
  0.522713E+01  0.179477E+00  0.167912E-01
  0.522986E+01  0.181720E+00  0.167011E-01
  0.523260E+01  0.189011E+00  0.169168E-01
  0.523533E+01  0.173976E+00  0.168395E-01
  0.523806E+01  0.184585E+00  0.168273E-01
  0.524080E+01  0.186463E+00  0.168622E-01
  0.524353E+01  0.170436E+00  0.166999E-01
  0.524627E+01  0.170260E+00  0.167996E-01
  0.524900E+01  0.169197E+00  0.169273E-01
  0.525173E+01  0.168291E+00  0.169484E-01
  0.525447E+01  0.177976E+00  0.169374E-01
  0.525720E+01  0.158867E+00  0.168549E-01
  0.525994E+01  0.179908E+00  0.168586E-01
  0.526267E+01  0.196350E+00  0.169960E-01
  0.526540E+01  0.181193E+00  0.168677E-01
  0.526814E+01  0.190918E+00  0.169232E-01
  0.527087E+01  0.182346E+00  0.168753E-01
  0.527361E+01  0.156606E+00  0.168469E-01
  0.527634E+01  0.194579E+00  0.168801E-01
  0.527907E+01  0.182667E+00  0.168524E-01
  0.528181E+01  0.178504E+00  0.169839E-01
  0.528454E+01  0.188656E+00  0.167727E-01
  0.528728E+01  0.197131E+00  0.201426E-01
  0.529001E+01  0.207901E+00  0.216812E-01
  0.529274E+01  0.227556E+00  0.235210E-01
  0.529548E+01  0.168177E+00  0.256347E-01
  0.529821E+01  0.177807E+00  0.267211E-01
  0.530095E+01  0.218539E+00  0.282880E-01
  0.530368E+01  0.224949E+00  0.294413E-01
  0.530641E+01  0.134982E+00  0.306669E-01
  0.530915E+01  0.176904E+00  0.327004E-01
  0.531188E+01  0.189930E+00  0.223596E-01
  0.531462E+01  0.175875E+00  0.215200E-01
  0.531735E+01  0.203722E+00  0.199726E-01
  0.532008E+01  0.200167E+00  0.192644E-01
  0.532282E+01  0.173473E+00  0.190154E-01
  0.532555E+01  0.133100E+00  0.186966E-01
  0.532829E+01  0.195427E+00  0.188421E-01
  0.533102E+01  0.150670E+00  0.187091E-01
  0.533376E+01  0.145202E+00  0.186973E-01
  0.533649E+01  0.170790E+00  0.184715E-01
  0.533922E+01  0.187404E+00  0.184861E-01
  0.534196E+01  0.146720E+00  0.183670E-01
  0.534469E+01  0.167075E+00  0.181130E-01
  0.534743E+01  0.189647E+00  0.178018E-01
  0.535016E+01  0.173398E+00  0.176083E-01
  0.535289E+01  0.182892E+00  0.174460E-01
  0.535563E+01  0.179613E+00  0.173107E-01
  0.535836E+01  0.160047E+00  0.170347E-01
  0.536110E+01  0.194517E+00  0.169905E-01
  0.536383E+01  0.193994E+00  0.169453E-01
  0.536656E+01  0.149172E+00  0.167194E-01
  0.536930E+01  0.198185E+00  0.168383E-01
  0.537203E+01  0.168427E+00  0.167856E-01
  0.537477E+01  0.181267E+00  0.168868E-01
  0.537750E+01  0.201933E+00  0.168344E-01
  0.538023E+01  0.158082E+00  0.167004E-01
  0.538297E+01  0.160643E+00  0.169144E-01
  0.538570E+01  0.166494E+00  0.167920E-01
  0.538844E+01  0.177759E+00  0.166867E-01
  0.539117E+01  0.185344E+00  0.166452E-01
  0.539390E+01  0.183379E+00  0.168052E-01
  0.539664E+01  0.155254E+00  0.169100E-01
  0.539937E+01  0.164037E+00  0.168977E-01
  0.540211E+01  0.208097E+00  0.170205E-01
  0.540484E+01  0.145897E+00  0.167462E-01
  0.540757E+01  0.193651E+00  0.168253E-01
  0.541031E+01  0.187960E+00  0.167863E-01
  0.541304E+01  0.176725E+00  0.169454E-01
  0.541578E+01  0.171227E+00  0.169160E-01
  0.541851E+01  0.180475E+00  0.167546E-01
  0.542124E+01  0.178280E+00  0.166835E-01
  0.542398E+01  0.184540E+00  0.167427E-01
  0.542671E+01  0.195879E+00  0.169953E-01
  0.542945E+01  0.195232E+00  0.168558E-01
  0.543218E+01  0.194044E+00  0.169333E-01
  0.543491E+01  0.179351E+00  0.170164E-01
  0.543765E+01  0.164179E+00  0.168432E-01
  0.544038E+01  0.182003E+00  0.167594E-01
  0.544312E+01  0.184287E+00  0.169218E-01
  0.544585E+01  0.152727E+00  0.169134E-01
  0.544858E+01  0.160495E+00  0.170344E-01
  0.545132E+01  0.185456E+00  0.169821E-01
  0.545405E+01  0.163846E+00  0.168178E-01
  0.545679E+01  0.178972E+00  0.169380E-01
  0.545952E+01  0.198251E+00  0.167913E-01
  0.546226E+01  0.173925E+00  0.169538E-01
  0.546499E+01  0.155545E+00  0.167383E-01
  0.546772E+01  0.156302E+00  0.170930E-01
  0.547046E+01  0.175286E+00  0.167356E-01
  0.547319E+01  0.166592E+00  0.166638E-01
  0.547593E+01  0.166106E+00  0.166786E-01
  0.547866E+01  0.169597E+00  0.168412E-01
  0.548139E+01  0.198794E+00  0.170178E-01
  0.548413E+01  0.171969E+00  0.170350E-01
  0.548686E+01  0.163134E+00  0.168150E-01
  0.548960E+01  0.186149E+00  0.167885E-01
  0.549233E+01  0.192365E+00  0.168362E-01
  0.549506E+01  0.186081E+00  0.168344E-01
  0.549780E+01  0.166268E+00  0.168803E-01
  0.550053E+01  0.172713E+00  0.168210E-01
  0.550327E+01  0.150466E+00  0.167939E-01
  0.550600E+01  0.159982E+00  0.169226E-01
  0.550873E+01  0.161953E+00  0.167729E-01
  0.551147E+01  0.187789E+00  0.168145E-01
  0.551420E+01  0.165560E+00  0.167464E-01
  0.551694E+01  0.185629E+00  0.169073E-01
  0.551967E+01  0.195640E+00  0.170233E-01
  0.552240E+01  0.158007E+00  0.168909E-01
  0.552514E+01  0.160916E+00  0.168725E-01
  0.552787E+01  0.159936E+00  0.204940E-01
  0.553061E+01  0.173580E+00  0.217372E-01
  0.553334E+01  0.143159E+00  0.241351E-01
  0.553607E+01  0.176232E+00  0.194473E-01
  0.553881E+01  0.177302E+00  0.189160E-01
  0.554154E+01  0.162543E+00  0.182544E-01
  0.554428E+01  0.164357E+00  0.175630E-01
  0.554701E+01  0.192278E+00  0.176602E-01
  0.554974E+01  0.218956E+00  0.177875E-01
  0.555248E+01  0.184923E+00  0.174272E-01
  0.555521E+01  0.215884E+00  0.174113E-01
  0.555795E+01  0.170916E+00  0.174530E-01
  0.556068E+01  0.174972E+00  0.173206E-01
  0.556341E+01  0.179145E+00  0.175954E-01
  0.556615E+01  0.197721E+00  0.172491E-01
  0.556888E+01  0.204587E+00  0.173364E-01
  0.557162E+01  0.165640E+00  0.172753E-01
  0.557435E+01  0.164616E+00  0.176019E-01
  0.557709E+01  0.170122E+00  0.172828E-01
  0.557982E+01  0.196711E+00  0.174220E-01
  0.558255E+01  0.161038E+00  0.171445E-01
  0.558529E+01  0.226129E+00  0.169626E-01
  0.558802E+01  0.173134E+00  0.167318E-01
  0.559076E+01  0.168302E+00  0.168920E-01
  0.559349E+01  0.168678E+00  0.169535E-01
  0.559622E+01  0.221858E+00  0.169219E-01
  0.559896E+01  0.168442E+00  0.170675E-01
  0.560169E+01  0.155014E+00  0.168994E-01
  0.560443E+01  0.197785E+00  0.169313E-01
  0.560716E+01  0.184573E+00  0.168307E-01
  0.560989E+01  0.154086E+00  0.167370E-01
  0.561263E+01  0.177096E+00  0.171806E-01
  0.561536E+01  0.184522E+00  0.169230E-01
  0.561810E+01  0.133316E+00  0.170189E-01
  0.562083E+01  0.176831E+00  0.168107E-01
  0.562356E+01  0.163294E+00  0.167793E-01
  0.562630E+01  0.158827E+00  0.171083E-01
  0.562903E+01  0.166803E+00  0.167772E-01
  0.563177E+01  0.132799E+00  0.167976E-01
  0.563450E+01  0.168252E+00  0.168679E-01
  0.563723E+01  0.180879E+00  0.168880E-01
  0.563997E+01  0.171007E+00  0.168547E-01
  0.564270E+01  0.196156E+00  0.167215E-01
  0.564544E+01  0.194975E+00  0.167859E-01
  0.564817E+01  0.186879E+00  0.168907E-01
  0.565090E+01  0.135053E+00  0.168552E-01
  0.565364E+01  0.173722E+00  0.168813E-01
  0.565637E+01  0.158975E+00  0.167759E-01
  0.565911E+01  0.188372E+00  0.169126E-01
  0.566184E+01  0.191397E+00  0.169590E-01
  0.566457E+01  0.179292E+00  0.169158E-01
  0.566731E+01  0.170979E+00  0.169108E-01
  0.567004E+01  0.180847E+00  0.168392E-01
  0.567278E+01  0.149178E+00  0.169476E-01
  0.567551E+01  0.178782E+00  0.168035E-01
  0.567824E+01  0.158169E+00  0.168110E-01
  0.568098E+01  0.165475E+00  0.169486E-01
  0.568371E+01  0.165065E+00  0.170139E-01
  0.568645E+01  0.169382E+00  0.169534E-01
  0.568918E+01  0.174179E+00  0.169155E-01
  0.569191E+01  0.138283E+00  0.168602E-01
  0.569465E+01  0.194331E+00  0.169555E-01
  0.569738E+01  0.150946E+00  0.169426E-01
  0.570012E+01  0.212551E+00  0.168872E-01
  0.570285E+01  0.170163E+00  0.168342E-01
  0.570559E+01  0.188751E+00  0.168958E-01
  0.570832E+01  0.187462E+00  0.168953E-01
  0.571105E+01  0.175247E+00  0.170973E-01
  0.571379E+01  0.165652E+00  0.169988E-01
  0.571652E+01  0.189775E+00  0.166826E-01
  0.571926E+01  0.153249E+00  0.169360E-01
  0.572199E+01  0.186017E+00  0.169847E-01
  0.572472E+01  0.163534E+00  0.170535E-01
  0.572746E+01  0.182654E+00  0.167164E-01
  0.573019E+01  0.184393E+00  0.169432E-01
  0.573293E+01  0.190385E+00  0.170499E-01
  0.573566E+01  0.173054E+00  0.168825E-01
  0.573839E+01  0.188715E+00  0.168630E-01
  0.574113E+01  0.185373E+00  0.168429E-01
  0.574386E+01  0.172928E+00  0.171094E-01
  0.574660E+01  0.180877E+00  0.169296E-01
  0.574933E+01  0.148121E+00  0.170162E-01
  0.575206E+01  0.192132E+00  0.170775E-01
  0.575480E+01  0.177226E+00  0.171695E-01
  0.575753E+01  0.164604E+00  0.171495E-01
  0.576027E+01  0.178696E+00  0.168799E-01
  0.576300E+01  0.211944E+00  0.170646E-01
  0.576573E+01  0.182748E+00  0.170467E-01
  0.576847E+01  0.160999E+00  0.171734E-01
  0.577120E+01  0.172021E+00  0.169570E-01
  0.577394E+01  0.197649E+00  0.170012E-01
  0.577667E+01  0.169160E+00  0.170281E-01
  0.577940E+01  0.173385E+00  0.170018E-01
  0.578214E+01  0.173076E+00  0.169480E-01
  0.578487E+01  0.195483E+00  0.170777E-01
  0.578761E+01  0.153918E+00  0.169668E-01
  0.579034E+01  0.158180E+00  0.169510E-01
  0.579307E+01  0.184494E+00  0.168429E-01
  0.579581E+01  0.172666E+00  0.171347E-01
  0.579854E+01  0.164816E+00  0.168672E-01
  0.580128E+01  0.189530E+00  0.170356E-01
  0.580401E+01  0.160191E+00  0.170006E-01
  0.580674E+01  0.170736E+00  0.170935E-01
  0.580948E+01  0.169159E+00  0.169272E-01
  0.581221E+01  0.166983E+00  0.170611E-01
  0.581495E+01  0.155012E+00  0.168594E-01
  0.581768E+01  0.172263E+00  0.171618E-01
  0.582041E+01  0.180655E+00  0.170913E-01
  0.582315E+01  0.139769E+00  0.168200E-01
  0.582588E+01  0.156377E+00  0.170797E-01
  0.582862E+01  0.157745E+00  0.170470E-01
  0.583135E+01  0.149402E+00  0.169266E-01
  0.583409E+01  0.172409E+00  0.171042E-01
  0.583682E+01  0.176093E+00  0.171278E-01
  0.583955E+01  0.155180E+00  0.169966E-01
  0.584229E+01  0.162495E+00  0.170017E-01
  0.584502E+01  0.155990E+00  0.171038E-01
  0.584776E+01  0.191801E+00  0.171122E-01
  0.585049E+01  0.182971E+00  0.171618E-01
  0.585322E+01  0.174336E+00  0.170776E-01
  0.585596E+01  0.142108E+00  0.170455E-01
  0.585869E+01  0.154658E+00  0.169963E-01
  0.586143E+01  0.175260E+00  0.170784E-01
  0.586416E+01  0.162186E+00  0.170088E-01
  0.586689E+01  0.194163E+00  0.171256E-01
  0.586963E+01  0.171042E+00  0.172072E-01
  0.587236E+01  0.136400E+00  0.169580E-01
  0.587510E+01  0.136653E+00  0.171593E-01
  0.587783E+01  0.174681E+00  0.170778E-01
  0.588056E+01  0.174227E+00  0.171026E-01
  0.588330E+01  0.166659E+00  0.173291E-01
  0.588603E+01  0.165333E+00  0.171689E-01
  0.588877E+01  0.207308E+00  0.171522E-01
  0.589150E+01  0.154373E+00  0.171723E-01
  0.589423E+01  0.163406E+00  0.173263E-01
  0.589697E+01  0.172820E+00  0.170562E-01
  0.589970E+01  0.151014E+00  0.171615E-01
  0.590244E+01  0.196265E+00  0.170512E-01
  0.590517E+01  0.155176E+00  0.170373E-01
  0.590790E+01  0.161882E+00  0.171420E-01
  0.591064E+01  0.147003E+00  0.171124E-01
  0.591337E+01  0.167548E+00  0.172374E-01
  0.591611E+01  0.175936E+00  0.172963E-01
  0.591884E+01  0.181528E+00  0.171993E-01
  0.592157E+01  0.164722E+00  0.170912E-01
  0.592431E+01  0.161534E+00  0.173991E-01
  0.592704E+01  0.171085E+00  0.173064E-01
  0.592978E+01  0.174149E+00  0.171442E-01
  0.593251E+01  0.198111E+00  0.169499E-01
  0.593524E+01  0.196845E+00  0.172546E-01
  0.593798E+01  0.159614E+00  0.171856E-01
  0.594071E+01  0.186121E+00  0.172576E-01
  0.594345E+01  0.159828E+00  0.172098E-01
  0.594618E+01  0.192338E+00  0.172569E-01
  0.594892E+01  0.178524E+00  0.172340E-01
  0.595165E+01  0.154488E+00  0.172327E-01
  0.595438E+01  0.186630E+00  0.171370E-01
  0.595712E+01  0.178920E+00  0.173026E-01
  0.595985E+01  0.141251E+00  0.171152E-01
  0.596259E+01  0.175082E+00  0.171760E-01
  0.596532E+01  0.168175E+00  0.172717E-01
  0.596805E+01  0.170071E+00  0.173443E-01
  0.597079E+01  0.175153E+00  0.208412E-01
  0.597352E+01  0.177106E+00  0.225036E-01
  0.597626E+01  0.171317E+00  0.251835E-01
  0.597899E+01  0.192742E+00  0.267754E-01
  0.598172E+01  0.134147E+00  0.281714E-01
  0.598446E+01  0.158278E+00  0.310235E-01
  0.598719E+01  0.206819E+00  0.325060E-01
  0.598993E+01  0.202465E+00  0.342635E-01
  0.599266E+01  0.218482E+00  0.359956E-01
  0.599539E+01  0.186149E+00  0.387668E-01
  0.599813E+01  0.219616E+00  0.421792E-01
  0.600086E+01  0.214002E+00  0.445992E-01
  0.600360E+01  0.175417E+00  0.515342E-01
  0.600633E+01  0.212161E+00  0.571009E-01
  0.600906E+01  0.243241E+00  0.675598E-01
  0.601180E+01 -0.200583E-01  0.813462E-01
  0.601453E+01  0.298346E+00  0.130056E+00
#  ========================================
# Description:                            ova_1_high                              
# Sample:      ova_1_high  c= 24.180 mg/ml Code:        ova                       
# Averaged from raw files: heidi_046_001.tiff heidi_046_002.tiff heidi_046_003.tif
# Processed by: cbf-primus Tue Sep 18 20:18:45 2012                               
# Channels from 1 to 2440                                                         
# Angular axis file: /data/x33/Users2012/Heidi_HH.0912/aux/saxs-0/axis_saxs_201204
# BeamCenter_X:  2426.000  BeamCenter_Y:   128.000                                
# Mask file (beamstop): /data/x33/Users2012/Heidi_HH.0912/aux/saxs-0/mask_saxs_201
# Exposure time (sec):   15.000                                                   
# Pin diode (mean):       0.754                                                   
# Reference frame:    1                                                           
# Chi-value threshold:    1.450                                                   
#  ========================================
# Description:                            PBS                                     
# Sample:             PBS  c=  0.000 mg/ml Code:        ova                       
# Averaged from raw files: heidi_045_001.tiff heidi_045_002.tiff heidi_045_003.tif
# Processed by: cbf-primus Tue Sep 18 20:15:22 2012                               
# Channels from 1 to 2440                                                         
# Angular axis file: /data/x33/Users2012/Heidi_HH.0912/aux/saxs-0/axis_saxs_201204
# BeamCenter_X:  2426.000  BeamCenter_Y:   128.000                                
# Mask file (beamstop): /data/x33/Users2012/Heidi_HH.0912/aux/saxs-0/mask_saxs_201
# Exposure time (sec):   15.000                                                   
# Pin diode (mean):       0.755                                                   
# Reference frame:    1                                                           
# Chi-value threshold:    1.450                                                   
#  ========================================
# Description:                            PBS                                     
# Sample:             PBS  c=  0.000 mg/ml Code:        ova                       
# Averaged from raw files: heidi_047_001.tiff heidi_047_002.tiff heidi_047_003.tif
# Processed by: cbf-primus Tue Sep 18 20:22:12 2012                               
# Channels from 1 to 2440                                                         
# Angular axis file: /data/x33/Users2012/Heidi_HH.0912/aux/saxs-0/axis_saxs_201204
# BeamCenter_X:  2426.000  BeamCenter_Y:   128.000                                
# Mask file (beamstop): /data/x33/Users2012/Heidi_HH.0912/aux/saxs-0/mask_saxs_201
# Exposure time (sec):   15.000                                                   
# Pin diode (mean):       0.749                                                   
# Reference frame:    1                                                           
# Chi-value threshold:    1.450                                                   
#  ========================================
