 19-May-2006       (cal_033.dat - 1.000 *Avrag08.dat) /  5.0530               
cal_033.dat   Conc = .51E+01  Mult = .10E+01  N1 =    1  N2 = 2135  SCALE =  1
 Avrag08.dat  Conc = .10E+01  Mult = .10E+01  N1 =    1  N2 = 2135  SCALE =  1
  0.810267E-01  0.135425E+03  0.187584E+02
  0.833113E-01  0.175717E+03  0.141372E+02
  0.855958E-01  0.180467E+03  0.121552E+02
  0.878804E-01  0.172749E+03  0.105067E+02
  0.901650E-01  0.167386E+03  0.962613E+01
  0.924495E-01  0.157926E+03  0.865119E+01
  0.947341E-01  0.159648E+03  0.763826E+01
  0.970186E-01  0.158599E+03  0.710429E+01
  0.993032E-01  0.150386E+03  0.662272E+01
  0.101588E+00  0.145320E+03  0.619973E+01
  0.103872E+00  0.138611E+03  0.576284E+01
  0.106157E+00  0.141381E+03  0.529288E+01
  0.108441E+00  0.138947E+03  0.507229E+01
  0.110726E+00  0.138274E+03  0.475463E+01
  0.113011E+00  0.141164E+03  0.447197E+01
  0.115295E+00  0.148169E+03  0.415820E+01
  0.117580E+00  0.140332E+03  0.400461E+01
  0.119864E+00  0.130893E+03  0.393977E+01
  0.122149E+00  0.125925E+03  0.350302E+01
  0.124433E+00  0.123827E+03  0.347127E+01
  0.126718E+00  0.124308E+03  0.324593E+01
  0.129002E+00  0.132298E+03  0.311128E+01
  0.131287E+00  0.126584E+03  0.303475E+01
  0.133572E+00  0.126721E+03  0.278760E+01
  0.135856E+00  0.124488E+03  0.278813E+01
  0.138141E+00  0.131532E+03  0.260010E+01
  0.140425E+00  0.127637E+03  0.255428E+01
  0.142710E+00  0.122258E+03  0.242232E+01
  0.144994E+00  0.123845E+03  0.230776E+01
  0.147279E+00  0.122967E+03  0.231660E+01
  0.149564E+00  0.121470E+03  0.213048E+01
  0.151848E+00  0.124382E+03  0.210719E+01
  0.154133E+00  0.123168E+03  0.199994E+01
  0.156417E+00  0.124510E+03  0.193798E+01
  0.158702E+00  0.124021E+03  0.192145E+01
  0.160986E+00  0.125177E+03  0.179455E+01
  0.163271E+00  0.125294E+03  0.178247E+01
  0.165555E+00  0.121021E+03  0.169419E+01
  0.167840E+00  0.122003E+03  0.166812E+01
  0.170125E+00  0.119988E+03  0.161480E+01
  0.172409E+00  0.125656E+03  0.152539E+01
  0.174694E+00  0.123897E+03  0.155034E+01
  0.176978E+00  0.119822E+03  0.146061E+01
  0.179263E+00  0.118011E+03  0.145488E+01
  0.181547E+00  0.119759E+03  0.138412E+01
  0.183832E+00  0.118237E+03  0.134725E+01
  0.186116E+00  0.122226E+03  0.134357E+01
  0.188401E+00  0.119818E+03  0.127904E+01
  0.190686E+00  0.118193E+03  0.127510E+01
  0.192970E+00  0.119252E+03  0.121896E+01
  0.195255E+00  0.117740E+03  0.119088E+01
  0.197539E+00  0.114767E+03  0.117974E+01
  0.199824E+00  0.117059E+03  0.112708E+01
  0.202108E+00  0.118931E+03  0.113741E+01
  0.204393E+00  0.117734E+03  0.107897E+01
  0.206677E+00  0.118142E+03  0.108309E+01
  0.208962E+00  0.114241E+03  0.105020E+01
  0.211247E+00  0.115300E+03  0.101381E+01
  0.213531E+00  0.116361E+03  0.102116E+01
  0.215816E+00  0.114878E+03  0.979692E+00
  0.218100E+00  0.116032E+03  0.969697E+00
  0.220385E+00  0.114817E+03  0.944455E+00
  0.222669E+00  0.117316E+03  0.928000E+00
  0.224954E+00  0.114779E+03  0.916135E+00
  0.227239E+00  0.114261E+03  0.891213E+00
  0.229523E+00  0.112953E+03  0.881899E+00
  0.231808E+00  0.114203E+03  0.857705E+00
  0.234092E+00  0.114132E+03  0.852846E+00
  0.236377E+00  0.112626E+03  0.833938E+00
  0.238661E+00  0.113347E+03  0.807558E+00
  0.240946E+00  0.113002E+03  0.818806E+00
  0.243230E+00  0.112971E+03  0.785363E+00
  0.245515E+00  0.113709E+03  0.788156E+00
  0.247800E+00  0.112905E+03  0.769876E+00
  0.250084E+00  0.111512E+03  0.748094E+00
  0.252369E+00  0.111534E+03  0.752666E+00
  0.254653E+00  0.110350E+03  0.730005E+00
  0.256938E+00  0.110325E+03  0.736409E+00
  0.259222E+00  0.111371E+03  0.706910E+00
  0.261507E+00  0.110554E+03  0.708956E+00
  0.263791E+00  0.112038E+03  0.697683E+00
  0.266076E+00  0.110940E+03  0.675237E+00
  0.268361E+00  0.111314E+03  0.687501E+00
  0.270645E+00  0.109212E+03  0.662964E+00
  0.272930E+00  0.109325E+03  0.658343E+00
  0.275214E+00  0.109203E+03  0.659767E+00
  0.277499E+00  0.108041E+03  0.637016E+00
  0.279783E+00  0.109502E+03  0.642594E+00
  0.282068E+00  0.109740E+03  0.620045E+00
  0.284353E+00  0.108950E+03  0.626305E+00
  0.286637E+00  0.109865E+03  0.608010E+00
  0.288922E+00  0.106910E+03  0.603354E+00
  0.291206E+00  0.105643E+03  0.602381E+00
  0.293491E+00  0.106081E+03  0.592261E+00
  0.295775E+00  0.108357E+03  0.590956E+00
  0.298060E+00  0.106001E+03  0.577156E+00
  0.300344E+00  0.105482E+03  0.573271E+00
  0.302629E+00  0.105322E+03  0.573413E+00
  0.304914E+00  0.105652E+03  0.562397E+00
  0.307198E+00  0.104909E+03  0.556911E+00
  0.309483E+00  0.103704E+03  0.546809E+00
  0.311767E+00  0.104518E+03  0.546045E+00
  0.314052E+00  0.103164E+03  0.543390E+00
  0.316336E+00  0.103625E+03  0.533372E+00
  0.318621E+00  0.103214E+03  0.534034E+00
  0.320905E+00  0.103539E+03  0.520373E+00
  0.323190E+00  0.103703E+03  0.527868E+00
  0.325475E+00  0.103644E+03  0.513509E+00
  0.327759E+00  0.103259E+03  0.509873E+00
  0.330044E+00  0.103385E+03  0.511313E+00
  0.332328E+00  0.103112E+03  0.504484E+00
  0.334613E+00  0.102397E+03  0.501311E+00
  0.336897E+00  0.101474E+03  0.489254E+00
  0.339182E+00  0.101774E+03  0.491808E+00
  0.341467E+00  0.100943E+03  0.490651E+00
  0.343751E+00  0.100775E+03  0.481016E+00
  0.346036E+00  0.100640E+03  0.484214E+00
  0.348320E+00  0.101014E+03  0.474172E+00
  0.350605E+00  0.100765E+03  0.472399E+00
  0.352889E+00  0.100617E+03  0.466807E+00
  0.355174E+00  0.100119E+03  0.464934E+00
  0.357458E+00  0.101805E+03  0.463921E+00
  0.359743E+00  0.100631E+03  0.456664E+00
  0.362028E+00  0.990168E+02  0.459482E+00
  0.364312E+00  0.995159E+02  0.451095E+00
  0.366597E+00  0.993392E+02  0.447294E+00
  0.368881E+00  0.997849E+02  0.448066E+00
  0.371166E+00  0.993632E+02  0.444387E+00
  0.373450E+00  0.976442E+02  0.441330E+00
  0.375735E+00  0.969066E+02  0.431884E+00
  0.378019E+00  0.966101E+02  0.434881E+00
  0.380304E+00  0.976491E+02  0.430406E+00
  0.382589E+00  0.959681E+02  0.429302E+00
  0.384873E+00  0.960362E+02  0.424564E+00
  0.387158E+00  0.958935E+02  0.421885E+00
  0.389442E+00  0.969086E+02  0.423667E+00
  0.391727E+00  0.956646E+02  0.415845E+00
  0.394011E+00  0.960993E+02  0.414056E+00
  0.396296E+00  0.955183E+02  0.413655E+00
  0.398580E+00  0.957936E+02  0.406873E+00
  0.400865E+00  0.951676E+02  0.412179E+00
  0.403150E+00  0.952066E+02  0.401684E+00
  0.405434E+00  0.946529E+02  0.404595E+00
  0.407719E+00  0.943515E+02  0.401381E+00
  0.410003E+00  0.933618E+02  0.397908E+00
  0.412288E+00  0.933562E+02  0.398330E+00
  0.414572E+00  0.934110E+02  0.389649E+00
  0.416857E+00  0.940346E+02  0.396643E+00
  0.419142E+00  0.931825E+02  0.388874E+00
  0.421426E+00  0.934655E+02  0.387183E+00
  0.423711E+00  0.920831E+02  0.386551E+00
  0.425995E+00  0.917661E+02  0.381049E+00
  0.428280E+00  0.920121E+02  0.384001E+00
  0.430564E+00  0.911001E+02  0.378674E+00
  0.432849E+00  0.916165E+02  0.375636E+00
  0.435133E+00  0.913531E+02  0.377086E+00
  0.437418E+00  0.923222E+02  0.372137E+00
  0.439703E+00  0.908175E+02  0.376013E+00
  0.441987E+00  0.901288E+02  0.366369E+00
  0.444272E+00  0.905502E+02  0.369862E+00
  0.446556E+00  0.900683E+02  0.365600E+00
  0.448841E+00  0.896697E+02  0.364955E+00
  0.451125E+00  0.884955E+02  0.361286E+00
  0.453410E+00  0.882460E+02  0.358445E+00
  0.455694E+00  0.879523E+02  0.360917E+00
  0.457979E+00  0.882066E+02  0.356845E+00
  0.460264E+00  0.883928E+02  0.357566E+00
  0.462548E+00  0.878500E+02  0.353599E+00
  0.464833E+00  0.871288E+02  0.350457E+00
  0.467117E+00  0.869895E+02  0.353023E+00
  0.469402E+00  0.864502E+02  0.346639E+00
  0.471686E+00  0.863816E+02  0.349234E+00
  0.473971E+00  0.869359E+02  0.344508E+00
  0.476256E+00  0.862244E+02  0.341243E+00
  0.478540E+00  0.860519E+02  0.346609E+00
  0.480825E+00  0.859937E+02  0.339893E+00
  0.483109E+00  0.855235E+02  0.341534E+00
  0.485394E+00  0.853626E+02  0.337012E+00
  0.487678E+00  0.853166E+02  0.337978E+00
  0.489963E+00  0.848338E+02  0.335663E+00
  0.492247E+00  0.841443E+02  0.330420E+00
  0.494532E+00  0.838037E+02  0.335508E+00
  0.496817E+00  0.837285E+02  0.328406E+00
  0.499101E+00  0.841581E+02  0.331113E+00
  0.501386E+00  0.831587E+02  0.329518E+00
  0.503670E+00  0.831389E+02  0.323905E+00
  0.505955E+00  0.828787E+02  0.328556E+00
  0.508239E+00  0.827245E+02  0.321138E+00
  0.510524E+00  0.826179E+02  0.323664E+00
  0.512808E+00  0.817530E+02  0.322104E+00
  0.515093E+00  0.810384E+02  0.319233E+00
  0.517378E+00  0.817449E+02  0.320870E+00
  0.519662E+00  0.816606E+02  0.315105E+00
  0.521947E+00  0.813703E+02  0.318024E+00
  0.524231E+00  0.807977E+02  0.313956E+00
  0.526516E+00  0.810067E+02  0.315594E+00
  0.528800E+00  0.806612E+02  0.313890E+00
  0.531085E+00  0.803170E+02  0.308764E+00
  0.533369E+00  0.798106E+02  0.311326E+00
  0.535654E+00  0.798209E+02  0.308337E+00
  0.537939E+00  0.796917E+02  0.308791E+00
  0.540223E+00  0.792331E+02  0.306258E+00
  0.542508E+00  0.794886E+02  0.305046E+00
  0.544792E+00  0.782622E+02  0.305028E+00
  0.547077E+00  0.779578E+02  0.301399E+00
  0.549361E+00  0.780556E+02  0.302699E+00
  0.551646E+00  0.785084E+02  0.300420E+00
  0.553931E+00  0.772986E+02  0.300284E+00
  0.556215E+00  0.765668E+02  0.299073E+00
  0.558500E+00  0.765282E+02  0.297700E+00
  0.560784E+00  0.768484E+02  0.296388E+00
  0.563069E+00  0.762412E+02  0.292816E+00
  0.565353E+00  0.760380E+02  0.295440E+00
  0.567638E+00  0.761411E+02  0.292931E+00
  0.569922E+00  0.751900E+02  0.291184E+00
  0.572207E+00  0.751637E+02  0.292277E+00
  0.574492E+00  0.747221E+02  0.288648E+00
  0.576776E+00  0.748609E+02  0.289662E+00
  0.579061E+00  0.741662E+02  0.287678E+00
  0.581345E+00  0.739584E+02  0.286374E+00
  0.583630E+00  0.736216E+02  0.286081E+00
  0.585914E+00  0.736384E+02  0.283400E+00
  0.588199E+00  0.729763E+02  0.284406E+00
  0.590483E+00  0.731383E+02  0.281880E+00
  0.592768E+00  0.729050E+02  0.281963E+00
  0.595053E+00  0.728599E+02  0.282097E+00
  0.597337E+00  0.723928E+02  0.278864E+00
  0.599622E+00  0.714360E+02  0.281241E+00
  0.601906E+00  0.715826E+02  0.275640E+00
  0.604191E+00  0.712674E+02  0.278254E+00
  0.606475E+00  0.705832E+02  0.274585E+00
  0.608760E+00  0.708943E+02  0.274897E+00
  0.611045E+00  0.708686E+02  0.274787E+00
  0.613329E+00  0.709569E+02  0.272487E+00
  0.615614E+00  0.701178E+02  0.273301E+00
  0.617898E+00  0.703028E+02  0.268885E+00
  0.620183E+00  0.697303E+02  0.271800E+00
  0.622467E+00  0.694589E+02  0.270852E+00
  0.624752E+00  0.691914E+02  0.267357E+00
  0.627036E+00  0.696232E+02  0.270570E+00
  0.629321E+00  0.688011E+02  0.264095E+00
  0.631606E+00  0.682129E+02  0.267090E+00
  0.633890E+00  0.683546E+02  0.265433E+00
  0.636175E+00  0.679709E+02  0.262893E+00
  0.638459E+00  0.682682E+02  0.265352E+00
  0.640744E+00  0.678154E+02  0.260172E+00
  0.643028E+00  0.670172E+02  0.263271E+00
  0.645313E+00  0.673255E+02  0.260280E+00
  0.647597E+00  0.667544E+02  0.259735E+00
  0.649882E+00  0.668472E+02  0.260041E+00
  0.652167E+00  0.667863E+02  0.257669E+00
  0.654451E+00  0.663230E+02  0.258095E+00
  0.656736E+00  0.657360E+02  0.255761E+00
  0.659020E+00  0.655490E+02  0.254913E+00
  0.661305E+00  0.649454E+02  0.256506E+00
  0.663589E+00  0.649022E+02  0.252522E+00
  0.665874E+00  0.647613E+02  0.256037E+00
  0.668159E+00  0.641795E+02  0.251371E+00
  0.670443E+00  0.638753E+02  0.252079E+00
  0.672728E+00  0.638712E+02  0.251356E+00
  0.675012E+00  0.631160E+02  0.248845E+00
  0.677297E+00  0.630544E+02  0.250362E+00
  0.679581E+00  0.636471E+02  0.247836E+00
  0.681866E+00  0.629412E+02  0.248537E+00
  0.684150E+00  0.622139E+02  0.246662E+00
  0.686435E+00  0.622575E+02  0.245602E+00
  0.688720E+00  0.623738E+02  0.247035E+00
  0.691004E+00  0.616875E+02  0.244352E+00
  0.693289E+00  0.616450E+02  0.244684E+00
  0.695573E+00  0.616216E+02  0.242470E+00
  0.697858E+00  0.614257E+02  0.243501E+00
  0.700142E+00  0.609151E+02  0.242794E+00
  0.702427E+00  0.606907E+02  0.240694E+00
  0.704711E+00  0.605343E+02  0.239298E+00
  0.706996E+00  0.604112E+02  0.239814E+00
  0.709281E+00  0.592891E+02  0.239993E+00
  0.711565E+00  0.593546E+02  0.237400E+00
  0.713850E+00  0.590295E+02  0.237054E+00
  0.716134E+00  0.592846E+02  0.236894E+00
  0.718419E+00  0.587172E+02  0.235532E+00
  0.720703E+00  0.591122E+02  0.237332E+00
  0.722988E+00  0.589578E+02  0.232576E+00
  0.725272E+00  0.585379E+02  0.235592E+00
  0.727557E+00  0.584957E+02  0.232833E+00
  0.729842E+00  0.580503E+02  0.232689E+00
  0.732126E+00  0.581405E+02  0.232946E+00
  0.734411E+00  0.574860E+02  0.228989E+00
  0.736695E+00  0.569881E+02  0.231915E+00
  0.738980E+00  0.573940E+02  0.230179E+00
  0.741264E+00  0.574338E+02  0.230108E+00
  0.743549E+00  0.566948E+02  0.228972E+00
  0.745834E+00  0.561276E+02  0.225892E+00
  0.748118E+00  0.560720E+02  0.228529E+00
  0.750403E+00  0.558328E+02  0.225821E+00
  0.752687E+00  0.551069E+02  0.225727E+00
  0.754972E+00  0.548848E+02  0.225719E+00
  0.757256E+00  0.547012E+02  0.223183E+00
  0.759541E+00  0.540643E+02  0.224819E+00
  0.761825E+00  0.541522E+02  0.221959E+00
  0.764110E+00  0.540517E+02  0.223081E+00
  0.766395E+00  0.542648E+02  0.221847E+00
  0.768679E+00  0.542468E+02  0.221661E+00
  0.770964E+00  0.535322E+02  0.220758E+00
  0.773248E+00  0.534740E+02  0.218731E+00
  0.775533E+00  0.527894E+02  0.220237E+00
  0.777817E+00  0.524241E+02  0.217589E+00
  0.780102E+00  0.532775E+02  0.218783E+00
  0.782386E+00  0.522949E+02  0.218156E+00
  0.784671E+00  0.519885E+02  0.216438E+00
  0.786956E+00  0.521842E+02  0.218147E+00
  0.789240E+00  0.515215E+02  0.214120E+00
  0.791525E+00  0.512775E+02  0.215148E+00
  0.793809E+00  0.515751E+02  0.215047E+00
  0.796094E+00  0.511294E+02  0.214183E+00
  0.798378E+00  0.508876E+02  0.214140E+00
  0.800663E+00  0.506780E+02  0.211553E+00
  0.802948E+00  0.505122E+02  0.212870E+00
  0.805232E+00  0.501207E+02  0.211245E+00
  0.807517E+00  0.495892E+02  0.211323E+00
  0.809801E+00  0.492664E+02  0.210753E+00
  0.812086E+00  0.491585E+02  0.208683E+00
  0.814370E+00  0.491077E+02  0.209571E+00
  0.816655E+00  0.495086E+02  0.209019E+00
  0.818939E+00  0.485339E+02  0.207779E+00
  0.821224E+00  0.486863E+02  0.207378E+00
  0.823509E+00  0.482650E+02  0.206560E+00
  0.825793E+00  0.479111E+02  0.207875E+00
  0.828078E+00  0.479972E+02  0.204516E+00
  0.830362E+00  0.478437E+02  0.205593E+00
  0.832647E+00  0.476101E+02  0.205022E+00
  0.834931E+00  0.475244E+02  0.203718E+00
  0.837216E+00  0.473052E+02  0.204421E+00
  0.839500E+00  0.469012E+02  0.202376E+00
  0.841785E+00  0.462141E+02  0.202443E+00
  0.844070E+00  0.460617E+02  0.200552E+00
  0.846354E+00  0.459497E+02  0.201786E+00
  0.848639E+00  0.461672E+02  0.201110E+00
  0.850923E+00  0.455436E+02  0.199761E+00
  0.853208E+00  0.452501E+02  0.200201E+00
  0.855492E+00  0.447920E+02  0.198565E+00
  0.857777E+00  0.449351E+02  0.198522E+00
  0.860061E+00  0.447902E+02  0.197432E+00
  0.862346E+00  0.448696E+02  0.197638E+00
  0.864631E+00  0.445005E+02  0.198226E+00
  0.866915E+00  0.443477E+02  0.195763E+00
  0.869200E+00  0.442501E+02  0.197155E+00
  0.871484E+00  0.439385E+02  0.194797E+00
  0.873769E+00  0.437768E+02  0.195471E+00
  0.876053E+00  0.437912E+02  0.195735E+00
  0.878338E+00  0.437174E+02  0.193002E+00
  0.880623E+00  0.436845E+02  0.195189E+00
  0.882907E+00  0.431835E+02  0.192262E+00
  0.885192E+00  0.425407E+02  0.193168E+00
  0.887476E+00  0.425337E+02  0.191882E+00
  0.889761E+00  0.422268E+02  0.191134E+00
  0.892045E+00  0.415405E+02  0.191741E+00
  0.894330E+00  0.416036E+02  0.190164E+00
  0.896614E+00  0.412860E+02  0.189981E+00
  0.898899E+00  0.415618E+02  0.189204E+00
  0.901184E+00  0.411459E+02  0.189128E+00
  0.903468E+00  0.405896E+02  0.189971E+00
  0.905753E+00  0.403527E+02  0.187299E+00
  0.908037E+00  0.403008E+02  0.188433E+00
  0.910322E+00  0.396232E+02  0.187159E+00
  0.912606E+00  0.397330E+02  0.186999E+00
  0.914891E+00  0.400234E+02  0.187121E+00
  0.917175E+00  0.391269E+02  0.185297E+00
  0.919460E+00  0.391734E+02  0.186384E+00
  0.921745E+00  0.395185E+02  0.184767E+00
  0.924029E+00  0.393184E+02  0.186271E+00
  0.926314E+00  0.385747E+02  0.184692E+00
  0.928598E+00  0.386481E+02  0.183893E+00
  0.930883E+00  0.384827E+02  0.184238E+00
  0.933167E+00  0.381924E+02  0.183756E+00
  0.935452E+00  0.380635E+02  0.183089E+00
  0.937737E+00  0.379818E+02  0.182818E+00
  0.940021E+00  0.374294E+02  0.182709E+00
  0.942306E+00  0.373774E+02  0.182387E+00
  0.944590E+00  0.371902E+02  0.180686E+00
  0.946875E+00  0.370475E+02  0.182575E+00
  0.949159E+00  0.368761E+02  0.179968E+00
  0.951444E+00  0.370323E+02  0.181424E+00
  0.953728E+00  0.365050E+02  0.180303E+00
  0.956013E+00  0.362282E+02  0.178910E+00
  0.958298E+00  0.360865E+02  0.180815E+00
  0.960582E+00  0.360206E+02  0.178769E+00
  0.962867E+00  0.354207E+02  0.179518E+00
  0.965151E+00  0.357495E+02  0.178023E+00
  0.967436E+00  0.351417E+02  0.178216E+00
  0.969720E+00  0.351965E+02  0.178014E+00
  0.972005E+00  0.351524E+02  0.177231E+00
  0.974289E+00  0.347429E+02  0.177850E+00
  0.976574E+00  0.346729E+02  0.175890E+00
  0.978859E+00  0.348405E+02  0.177134E+00
  0.981143E+00  0.340528E+02  0.176489E+00
  0.983428E+00  0.336871E+02  0.174520E+00
  0.985712E+00  0.338987E+02  0.176374E+00
  0.987997E+00  0.341049E+02  0.174766E+00
  0.990281E+00  0.337631E+02  0.175734E+00
  0.992566E+00  0.332749E+02  0.173961E+00
  0.994851E+00  0.326683E+02  0.173787E+00
  0.997135E+00  0.328763E+02  0.174292E+00
  0.999420E+00  0.323990E+02  0.172954E+00
  0.100170E+01  0.319571E+02  0.173262E+00
  0.100399E+01  0.322959E+02  0.172278E+00
  0.100627E+01  0.323443E+02  0.172477E+00
  0.100856E+01  0.320507E+02  0.172120E+00
  0.101084E+01  0.314957E+02  0.171552E+00
  0.101313E+01  0.312551E+02  0.171753E+00
  0.101541E+01  0.313487E+02  0.170021E+00
  0.101770E+01  0.308260E+02  0.171029E+00
  0.101998E+01  0.309895E+02  0.170744E+00
  0.102227E+01  0.308557E+02  0.169636E+00
  0.102455E+01  0.310150E+02  0.169773E+00
  0.102683E+01  0.306780E+02  0.169024E+00
  0.102912E+01  0.305153E+02  0.169923E+00
  0.103140E+01  0.305223E+02  0.168494E+00
  0.103369E+01  0.300665E+02  0.168812E+00
  0.103597E+01  0.297400E+02  0.168673E+00
  0.103826E+01  0.299171E+02  0.167253E+00
  0.104054E+01  0.302060E+02  0.169054E+00
  0.104283E+01  0.296648E+02  0.166478E+00
  0.104511E+01  0.291528E+02  0.167401E+00
  0.104740E+01  0.290760E+02  0.166375E+00
  0.104968E+01  0.290332E+02  0.166217E+00
  0.105196E+01  0.283453E+02  0.166632E+00
  0.105425E+01  0.283077E+02  0.164667E+00
  0.105653E+01  0.274722E+02  0.165729E+00
  0.105882E+01  0.279687E+02  0.165286E+00
  0.106110E+01  0.278797E+02  0.164564E+00
  0.106339E+01  0.277146E+02  0.165018E+00
  0.106567E+01  0.275767E+02  0.163927E+00
  0.106796E+01  0.272236E+02  0.164579E+00
  0.107024E+01  0.275862E+02  0.162806E+00
  0.107253E+01  0.270956E+02  0.163269E+00
  0.107481E+01  0.268015E+02  0.163189E+00
  0.107709E+01  0.270036E+02  0.162928E+00
  0.107938E+01  0.268516E+02  0.163482E+00
  0.108166E+01  0.266357E+02  0.161123E+00
  0.108395E+01  0.261358E+02  0.162161E+00
  0.108623E+01  0.258165E+02  0.161454E+00
  0.108852E+01  0.257774E+02  0.161203E+00
  0.109080E+01  0.256434E+02  0.161704E+00
  0.109309E+01  0.261447E+02  0.160333E+00
  0.109537E+01  0.258296E+02  0.161088E+00
  0.109766E+01  0.254752E+02  0.160137E+00
  0.109994E+01  0.251055E+02  0.159752E+00
  0.110222E+01  0.250491E+02  0.160106E+00
  0.110451E+01  0.252612E+02  0.158761E+00
  0.110679E+01  0.250493E+02  0.160378E+00
  0.110908E+01  0.245614E+02  0.157747E+00
  0.111136E+01  0.244475E+02  0.158954E+00
  0.111365E+01  0.240740E+02  0.158058E+00
  0.111593E+01  0.241203E+02  0.157589E+00
  0.111822E+01  0.240493E+02  0.158584E+00
  0.112050E+01  0.235688E+02  0.156777E+00
  0.112279E+01  0.235379E+02  0.157196E+00
  0.112507E+01  0.234835E+02  0.156516E+00
  0.112735E+01  0.237880E+02  0.156876E+00
  0.112964E+01  0.233103E+02  0.156839E+00
  0.113192E+01  0.230520E+02  0.155414E+00
  0.113421E+01  0.228359E+02  0.156590E+00
  0.113649E+01  0.224237E+02  0.154820E+00
  0.113878E+01  0.225607E+02  0.154958E+00
  0.114106E+01  0.223988E+02  0.155295E+00
  0.114335E+01  0.220477E+02  0.154095E+00
  0.114563E+01  0.220485E+02  0.155135E+00
  0.114792E+01  0.220960E+02  0.153941E+00
  0.115020E+01  0.223535E+02  0.154212E+00
  0.115249E+01  0.218437E+02  0.153883E+00
  0.115477E+01  0.218294E+02  0.153749E+00
  0.115705E+01  0.220344E+02  0.153637E+00
  0.115934E+01  0.217892E+02  0.152628E+00
  0.116162E+01  0.215426E+02  0.153485E+00
  0.116391E+01  0.212345E+02  0.152449E+00
  0.116619E+01  0.208444E+02  0.152850E+00
  0.116848E+01  0.210396E+02  0.151344E+00
  0.117076E+01  0.206319E+02  0.151759E+00
  0.117305E+01  0.205132E+02  0.152270E+00
  0.117533E+01  0.202917E+02  0.150924E+00
  0.117762E+01  0.201348E+02  0.151716E+00
  0.117990E+01  0.199616E+02  0.150442E+00
  0.118218E+01  0.197817E+02  0.150056E+00
  0.118447E+01  0.196788E+02  0.150784E+00
  0.118675E+01  0.195820E+02  0.149428E+00
  0.118904E+01  0.192794E+02  0.150464E+00
  0.119132E+01  0.196663E+02  0.149229E+00
  0.119361E+01  0.194249E+02  0.149563E+00
  0.119589E+01  0.192005E+02  0.149430E+00
  0.119818E+01  0.189596E+02  0.148170E+00
  0.120046E+01  0.187425E+02  0.149420E+00
  0.120275E+01  0.184807E+02  0.147816E+00
  0.120503E+01  0.182672E+02  0.148619E+00
  0.120731E+01  0.185516E+02  0.147713E+00
  0.120960E+01  0.184550E+02  0.147263E+00
  0.121188E+01  0.185573E+02  0.148187E+00
  0.121417E+01  0.182062E+02  0.147213E+00
  0.121645E+01  0.183564E+02  0.147665E+00
  0.121874E+01  0.180544E+02  0.146978E+00
  0.122102E+01  0.178672E+02  0.146189E+00
  0.122331E+01  0.177977E+02  0.146922E+00
  0.122559E+01  0.175735E+02  0.145566E+00
  0.122788E+01  0.177132E+02  0.146927E+00
  0.123016E+01  0.177855E+02  0.145209E+00
  0.123244E+01  0.175872E+02  0.145845E+00
  0.123473E+01  0.175047E+02  0.145593E+00
  0.123701E+01  0.170051E+02  0.144612E+00
  0.123930E+01  0.165909E+02  0.145484E+00
  0.124158E+01  0.166612E+02  0.144622E+00
  0.124387E+01  0.164872E+02  0.144829E+00
  0.124615E+01  0.167008E+02  0.144232E+00
  0.124844E+01  0.167550E+02  0.144524E+00
  0.125072E+01  0.164821E+02  0.144082E+00
  0.125301E+01  0.158953E+02  0.143200E+00
  0.125529E+01  0.161284E+02  0.144014E+00
  0.125757E+01  0.157035E+02  0.142981E+00
  0.125986E+01  0.159175E+02  0.143438E+00
  0.126214E+01  0.162125E+02  0.143648E+00
  0.126443E+01  0.156936E+02  0.142001E+00
  0.126671E+01  0.154275E+02  0.142524E+00
  0.126900E+01  0.155088E+02  0.142192E+00
  0.127128E+01  0.154579E+02  0.142634E+00
  0.127357E+01  0.152729E+02  0.142210E+00
  0.127585E+01  0.148330E+02  0.141471E+00
  0.127814E+01  0.145727E+02  0.141393E+00
  0.128042E+01  0.146353E+02  0.140725E+00
  0.128270E+01  0.147037E+02  0.141851E+00
  0.128499E+01  0.144583E+02  0.140377E+00
  0.128727E+01  0.139608E+02  0.140366E+00
  0.128956E+01  0.143384E+02  0.141012E+00
  0.129184E+01  0.142422E+02  0.139832E+00
  0.129413E+01  0.138518E+02  0.140634E+00
  0.129641E+01  0.138757E+02  0.139726E+00
  0.129870E+01  0.139260E+02  0.139718E+00
  0.130098E+01  0.140776E+02  0.139780E+00
  0.130327E+01  0.138623E+02  0.138880E+00
  0.130555E+01  0.137783E+02  0.139525E+00
  0.130784E+01  0.134795E+02  0.138185E+00
  0.131012E+01  0.136212E+02  0.139370E+00
  0.131240E+01  0.134712E+02  0.138542E+00
  0.131469E+01  0.132549E+02  0.138406E+00
  0.131697E+01  0.131757E+02  0.138713E+00
  0.131926E+01  0.128700E+02  0.137817E+00
  0.132154E+01  0.124217E+02  0.138087E+00
  0.132383E+01  0.124552E+02  0.136733E+00
  0.132611E+01  0.124271E+02  0.138046E+00
  0.132840E+01  0.126446E+02  0.137471E+00
  0.133068E+01  0.120697E+02  0.136559E+00
  0.133297E+01  0.121132E+02  0.137294E+00
  0.133525E+01  0.124461E+02  0.136200E+00
  0.133753E+01  0.122567E+02  0.137096E+00
  0.133982E+01  0.122359E+02  0.136680E+00
  0.134210E+01  0.121231E+02  0.135914E+00
  0.134439E+01  0.118549E+02  0.136349E+00
  0.134667E+01  0.118793E+02  0.135450E+00
  0.134896E+01  0.117813E+02  0.136285E+00
  0.135124E+01  0.117894E+02  0.135178E+00
  0.135353E+01  0.115236E+02  0.135273E+00
  0.135581E+01  0.110390E+02  0.135426E+00
  0.135810E+01  0.108929E+02  0.134836E+00
  0.136038E+01  0.108290E+02  0.135078E+00
  0.136266E+01  0.110445E+02  0.134143E+00
  0.136495E+01  0.111296E+02  0.134871E+00
  0.136723E+01  0.108791E+02  0.134682E+00
  0.136952E+01  0.110675E+02  0.134075E+00
  0.137180E+01  0.108811E+02  0.134551E+00
  0.137409E+01  0.105502E+02  0.133632E+00
  0.137637E+01  0.106184E+02  0.133726E+00
  0.137866E+01  0.105599E+02  0.133404E+00
  0.138094E+01  0.106891E+02  0.133294E+00
  0.138323E+01  0.107067E+02  0.133873E+00
  0.138551E+01  0.104441E+02  0.132914E+00
  0.138779E+01  0.102011E+02  0.133488E+00
  0.139008E+01  0.101464E+02  0.132290E+00
  0.139236E+01  0.103178E+02  0.132584E+00
  0.139465E+01  0.101116E+02  0.132548E+00
  0.139693E+01  0.101951E+02  0.132628E+00
  0.139922E+01  0.995389E+01  0.132658E+00
  0.140150E+01  0.981615E+01  0.131541E+00
  0.140379E+01  0.101166E+02  0.132456E+00
  0.140607E+01  0.998377E+01  0.132137E+00
  0.140836E+01  0.944152E+01  0.131236E+00
  0.141064E+01  0.940075E+01  0.131305E+00
  0.141292E+01  0.912112E+01  0.130783E+00
  0.141521E+01  0.933584E+01  0.131620E+00
  0.141749E+01  0.920245E+01  0.130526E+00
  0.141978E+01  0.894360E+01  0.130659E+00
  0.142206E+01  0.901821E+01  0.130859E+00
  0.142435E+01  0.888264E+01  0.130127E+00
  0.142663E+01  0.878251E+01  0.131426E+00
  0.142892E+01  0.913596E+01  0.129687E+00
  0.143120E+01  0.885296E+01  0.130699E+00
  0.143349E+01  0.833248E+01  0.129640E+00
  0.143577E+01  0.857510E+01  0.129488E+00
  0.143806E+01  0.851989E+01  0.130137E+00
  0.144034E+01  0.847576E+01  0.128361E+00
  0.144262E+01  0.848387E+01  0.129908E+00
  0.144491E+01  0.839343E+01  0.129433E+00
  0.144719E+01  0.817217E+01  0.128637E+00
  0.144948E+01  0.800119E+01  0.129086E+00
  0.145176E+01  0.781179E+01  0.128239E+00
  0.145405E+01  0.794538E+01  0.129202E+00
  0.145633E+01  0.786780E+01  0.128526E+00
  0.145862E+01  0.790224E+01  0.128634E+00
  0.146090E+01  0.751692E+01  0.128066E+00
  0.146319E+01  0.785711E+01  0.127624E+00
  0.146547E+01  0.743162E+01  0.128762E+00
  0.146775E+01  0.751217E+01  0.127225E+00
  0.147004E+01  0.733604E+01  0.127808E+00
  0.147232E+01  0.729428E+01  0.127688E+00
  0.147461E+01  0.751732E+01  0.127447E+00
  0.147689E+01  0.753730E+01  0.127568E+00
  0.147918E+01  0.729705E+01  0.126527E+00
  0.148146E+01  0.729012E+01  0.127663E+00
  0.148375E+01  0.707085E+01  0.126507E+00
  0.148603E+01  0.699842E+01  0.127154E+00
  0.148832E+01  0.690679E+01  0.126584E+00
  0.149060E+01  0.675935E+01  0.126125E+00
  0.149288E+01  0.688739E+01  0.126616E+00
  0.149517E+01  0.669899E+01  0.126066E+00
  0.149745E+01  0.684069E+01  0.126384E+00
  0.149974E+01  0.659489E+01  0.126466E+00
  0.150202E+01  0.644449E+01  0.125533E+00
  0.150431E+01  0.653730E+01  0.126758E+00
  0.150659E+01  0.650247E+01  0.124933E+00
  0.150888E+01  0.649792E+01  0.125734E+00
  0.151116E+01  0.637028E+01  0.124734E+00
  0.151345E+01  0.608668E+01  0.125501E+00
  0.151573E+01  0.615911E+01  0.125160E+00
  0.151801E+01  0.614823E+01  0.124334E+00
  0.152030E+01  0.600139E+01  0.125243E+00
  0.152258E+01  0.599367E+01  0.124540E+00
  0.152487E+01  0.616683E+01  0.125126E+00
  0.152715E+01  0.624481E+01  0.124612E+00
  0.152944E+01  0.575757E+01  0.124287E+00
  0.153172E+01  0.586919E+01  0.124504E+00
  0.153401E+01  0.573620E+01  0.123641E+00
  0.153629E+01  0.575203E+01  0.124069E+00
  0.153858E+01  0.563665E+01  0.124007E+00
  0.154086E+01  0.556382E+01  0.123638E+00
  0.154314E+01  0.567029E+01  0.124328E+00
  0.154543E+01  0.538710E+01  0.122880E+00
  0.154771E+01  0.515159E+01  0.123768E+00
  0.155000E+01  0.522106E+01  0.123060E+00
  0.155228E+01  0.513715E+01  0.123877E+00
  0.155457E+01  0.521947E+01  0.123251E+00
  0.155685E+01  0.551276E+01  0.122602E+00
  0.155914E+01  0.539699E+01  0.123375E+00
  0.156142E+01  0.546903E+01  0.122664E+00
  0.156371E+01  0.490877E+01  0.122764E+00
  0.156599E+01  0.508925E+01  0.122958E+00
  0.156827E+01  0.520107E+01  0.122372E+00
  0.157056E+01  0.507303E+01  0.122944E+00
  0.157284E+01  0.484643E+01  0.122091E+00
  0.157513E+01  0.498437E+01  0.122639E+00
  0.157741E+01  0.480685E+01  0.121617E+00
  0.157970E+01  0.479576E+01  0.122035E+00
  0.158198E+01  0.500376E+01  0.122337E+00
  0.158427E+01  0.470770E+01  0.121169E+00
  0.158655E+01  0.448882E+01  0.122430E+00
  0.158884E+01  0.470275E+01  0.120934E+00
  0.159112E+01  0.447121E+01  0.121980E+00
  0.159341E+01  0.443004E+01  0.121730E+00
  0.159569E+01  0.461290E+01  0.120886E+00
  0.159797E+01  0.461112E+01  0.121856E+00
  0.160026E+01  0.487018E+01  0.120812E+00
  0.160254E+01  0.452523E+01  0.121094E+00
  0.160483E+01  0.414724E+01  0.120631E+00
  0.160711E+01  0.449179E+01  0.120886E+00
  0.160940E+01  0.434079E+01  0.121251E+00
  0.161168E+01  0.406531E+01  0.120513E+00
  0.161397E+01  0.420938E+01  0.120836E+00
  0.161625E+01  0.408826E+01  0.120194E+00
  0.161854E+01  0.407995E+01  0.120420E+00
  0.162082E+01  0.394162E+01  0.120484E+00
  0.162310E+01  0.420701E+01  0.119853E+00
  0.162539E+01  0.426638E+01  0.120351E+00
  0.162767E+01  0.400673E+01  0.119765E+00
  0.162996E+01  0.382822E+01  0.120140E+00
  0.163224E+01  0.367465E+01  0.119815E+00
  0.163453E+01  0.396022E+01  0.119673E+00
  0.163681E+01  0.387314E+01  0.119967E+00
  0.163910E+01  0.402395E+01  0.119333E+00
  0.164138E+01  0.378270E+01  0.119724E+00
  0.164367E+01  0.378092E+01  0.119016E+00
  0.164595E+01  0.366456E+01  0.119202E+00
  0.164823E+01  0.375658E+01  0.119301E+00
  0.165052E+01  0.375579E+01  0.118712E+00
  0.165280E+01  0.400871E+01  0.119706E+00
  0.165509E+01  0.358797E+01  0.118178E+00
  0.165737E+01  0.333208E+01  0.119111E+00
  0.165966E+01  0.350564E+01  0.118912E+00
  0.166194E+01  0.363428E+01  0.118264E+00
  0.166423E+01  0.350663E+01  0.119474E+00
  0.166651E+01  0.318286E+01  0.117710E+00
  0.166880E+01  0.331981E+01  0.119067E+00
  0.167108E+01  0.338116E+01  0.117744E+00
  0.167336E+01  0.338215E+01  0.118151E+00
  0.167565E+01  0.349733E+01  0.118514E+00
  0.167793E+01  0.339086E+01  0.117928E+00
  0.168022E+01  0.333604E+01  0.118207E+00
  0.168250E+01  0.300574E+01  0.117082E+00
  0.168479E+01  0.309005E+01  0.118071E+00
  0.168707E+01  0.315832E+01  0.117969E+00
  0.168936E+01  0.319177E+01  0.117416E+00
  0.169164E+01  0.286978E+01  0.117818E+00
  0.169393E+01  0.289709E+01  0.116800E+00
  0.169621E+01  0.307441E+01  0.117869E+00
  0.169849E+01  0.303008E+01  0.117420E+00
  0.170078E+01  0.313022E+01  0.116830E+00
  0.170306E+01  0.281120E+01  0.117525E+00
  0.170535E+01  0.300970E+01  0.116719E+00
  0.170763E+01  0.275045E+01  0.117301E+00
  0.170992E+01  0.262062E+01  0.116439E+00
  0.171220E+01  0.292895E+01  0.116779E+00
  0.171449E+01  0.287156E+01  0.117061E+00
  0.171677E+01  0.273184E+01  0.116291E+00
  0.171906E+01  0.288423E+01  0.116666E+00
  0.172134E+01  0.248466E+01  0.116093E+00
  0.172362E+01  0.265169E+01  0.116637E+00
  0.172591E+01  0.278686E+01  0.116809E+00
  0.172819E+01  0.241005E+01  0.116054E+00
  0.173048E+01  0.233525E+01  0.116137E+00
  0.173276E+01  0.280982E+01  0.115750E+00
  0.173505E+01  0.271284E+01  0.116444E+00
  0.173733E+01  0.251336E+01  0.115658E+00
  0.173962E+01  0.248902E+01  0.115927E+00
  0.174190E+01  0.229646E+01  0.115999E+00
  0.174419E+01  0.265050E+01  0.115190E+00
  0.174647E+01  0.263645E+01  0.116443E+00
  0.174876E+01  0.228676E+01  0.114957E+00
  0.175104E+01  0.256026E+01  0.115747E+00
  0.175332E+01  0.254562E+01  0.115616E+00
  0.175561E+01  0.239204E+01  0.115223E+00
  0.175789E+01  0.232317E+01  0.115849E+00
  0.176018E+01  0.236810E+01  0.114478E+00
  0.176246E+01  0.235840E+01  0.115723E+00
  0.176475E+01  0.246467E+01  0.115081E+00
  0.176703E+01  0.223669E+01  0.114904E+00
  0.176932E+01  0.245973E+01  0.115393E+00
  0.177160E+01  0.221334E+01  0.114290E+00
  0.177389E+01  0.210786E+01  0.115493E+00
  0.177617E+01  0.235009E+01  0.114408E+00
  0.177845E+01  0.213121E+01  0.114635E+00
  0.178074E+01  0.170552E+01  0.114899E+00
  0.178302E+01  0.220918E+01  0.114445E+00
  0.178531E+01  0.219889E+01  0.114765E+00
  0.178759E+01  0.201445E+01  0.113393E+00
  0.178988E+01  0.179181E+01  0.114476E+00
  0.179216E+01  0.213517E+01  0.114242E+00
  0.179445E+01  0.207342E+01  0.114209E+00
  0.179673E+01  0.220958E+01  0.114792E+00
  0.179902E+01  0.177578E+01  0.113387E+00
  0.180130E+01  0.195646E+01  0.114324E+00
  0.180358E+01  0.209183E+01  0.113703E+00
  0.180587E+01  0.205304E+01  0.113875E+00
  0.180815E+01  0.199406E+01  0.113996E+00
  0.181044E+01  0.208668E+01  0.113864E+00
  0.181272E+01  0.199782E+01  0.114014E+00
  0.181501E+01  0.206729E+01  0.113162E+00
  0.181729E+01  0.224738E+01  0.113605E+00
  0.181958E+01  0.206650E+01  0.114036E+00
  0.182186E+01  0.181081E+01  0.113332E+00
  0.182415E+01  0.180032E+01  0.114235E+00
  0.182643E+01  0.174035E+01  0.112411E+00
  0.182871E+01  0.183614E+01  0.113510E+00
  0.183100E+01  0.194498E+01  0.113201E+00
  0.183328E+01  0.189848E+01  0.113549E+00
  0.183557E+01  0.192222E+01  0.113476E+00
  0.183785E+01  0.172868E+01  0.112892E+00
  0.184014E+01  0.159193E+01  0.113056E+00
  0.184242E+01  0.186840E+01  0.112732E+00
  0.184471E+01  0.189452E+01  0.112935E+00
  0.184699E+01  0.162874E+01  0.113151E+00
  0.184928E+01  0.199347E+01  0.112564E+00
  0.185156E+01  0.175876E+01  0.113341E+00
  0.185384E+01  0.133881E+01  0.112229E+00
  0.185613E+01  0.152879E+01  0.112629E+00
  0.185841E+01  0.169701E+01  0.112658E+00
  0.186070E+01  0.172551E+01  0.112446E+00
  0.186298E+01  0.166812E+01  0.112803E+00
  0.186527E+01  0.152563E+01  0.111909E+00
  0.186755E+01  0.169167E+01  0.113027E+00
  0.186984E+01  0.184821E+01  0.112035E+00
  0.187212E+01  0.167366E+01  0.112481E+00
  0.187441E+01  0.187473E+01  0.112259E+00
  0.187669E+01  0.166653E+01  0.111896E+00
  0.187898E+01  0.169563E+01  0.112326E+00
  0.188126E+01  0.151178E+01  0.111477E+00
  0.188354E+01  0.149792E+01  0.111955E+00
  0.188583E+01  0.143519E+01  0.111669E+00
  0.188811E+01  0.135603E+01  0.111827E+00
  0.189040E+01  0.154938E+01  0.112563E+00
  0.189268E+01  0.165268E+01  0.111108E+00
  0.189497E+01  0.170057E+01  0.112378E+00
  0.189725E+01  0.158005E+01  0.111216E+00
  0.189954E+01  0.161567E+01  0.111782E+00
  0.190182E+01  0.151296E+01  0.111732E+00
  0.190411E+01  0.144093E+01  0.110926E+00
  0.190639E+01  0.157530E+01  0.111711E+00
  0.190867E+01  0.159668E+01  0.111008E+00
  0.191096E+01  0.144271E+01  0.111493E+00
  0.191324E+01  0.150129E+01  0.111706E+00
  0.191553E+01  0.128735E+01  0.110722E+00
  0.191781E+01  0.138334E+01  0.112029E+00
  0.192010E+01  0.133544E+01  0.110355E+00
  0.192238E+01  0.131486E+01  0.111386E+00
  0.192467E+01  0.131269E+01  0.110764E+00
  0.192695E+01  0.145696E+01  0.110499E+00
  0.192924E+01  0.156165E+01  0.111367E+00
  0.193152E+01  0.147219E+01  0.110563E+00
  0.193380E+01  0.165783E+01  0.110730E+00
  0.193609E+01  0.158579E+01  0.110545E+00
  0.193837E+01  0.185098E+01  0.110903E+00
  0.194066E+01  0.159450E+01  0.110791E+00
  0.194294E+01  0.158243E+01  0.110357E+00
  0.194523E+01  0.143598E+01  0.111302E+00
  0.194751E+01  0.127231E+01  0.110159E+00
  0.194980E+01  0.147675E+01  0.110686E+00
  0.195208E+01  0.155274E+01  0.110850E+00
  0.195437E+01  0.125213E+01  0.110202E+00
  0.195665E+01  0.150386E+01  0.110486E+00
  0.195893E+01  0.153275E+01  0.110288E+00
  0.196122E+01  0.141065E+01  0.110512E+00
  0.196350E+01  0.122957E+01  0.109881E+00
  0.196579E+01  0.131902E+01  0.110326E+00
  0.196807E+01  0.145201E+01  0.110138E+00
  0.197036E+01  0.130675E+01  0.109427E+00
  0.197264E+01  0.106274E+01  0.110274E+00
  0.197493E+01  0.120701E+01  0.109743E+00
  0.197721E+01  0.119216E+01  0.110319E+00
  0.197950E+01  0.126954E+01  0.109914E+00
  0.198178E+01  0.125529E+01  0.109280E+00
  0.198406E+01  0.148070E+01  0.110718E+00
  0.198635E+01  0.137008E+01  0.109242E+00
  0.198863E+01  0.158658E+01  0.110365E+00
  0.199092E+01  0.142846E+01  0.109417E+00
  0.199320E+01  0.137126E+01  0.109464E+00
  0.199549E+01  0.117930E+01  0.109741E+00
  0.199777E+01  0.145181E+01  0.109446E+00
  0.200006E+01  0.127528E+01  0.109992E+00
  0.200234E+01  0.126400E+01  0.108999E+00
  0.200463E+01  0.116604E+01  0.109372E+00
  0.200691E+01  0.118088E+01  0.109794E+00
  0.200919E+01  0.121037E+01  0.108749E+00
  0.201148E+01  0.132832E+01  0.109715E+00
  0.201376E+01  0.157214E+01  0.108694E+00
  0.201605E+01  0.125411E+01  0.109688E+00
  0.201833E+01  0.114071E+01  0.109112E+00
  0.202062E+01  0.111241E+01  0.108964E+00
  0.202290E+01  0.106056E+01  0.109296E+00
  0.202519E+01  0.947358E+00  0.108649E+00
  0.202747E+01  0.150960E+01  0.109674E+00
  0.202976E+01  0.158797E+01  0.108852E+00
  0.203204E+01  0.139145E+01  0.108930E+00
  0.203433E+01  0.125430E+01  0.108976E+00
  0.203661E+01  0.110093E+01  0.108600E+00
  0.203889E+01  0.109024E+01  0.108881E+00
  0.204118E+01  0.139204E+01  0.108071E+00
  0.204346E+01  0.140649E+01  0.108820E+00
  0.204575E+01  0.141461E+01  0.109126E+00
  0.204803E+01  0.132317E+01  0.108133E+00
  0.205032E+01  0.134950E+01  0.109011E+00
  0.205260E+01  0.964971E+00  0.108107E+00
  0.205489E+01  0.130754E+01  0.108979E+00
  0.205717E+01  0.120582E+01  0.108121E+00
  0.205946E+01  0.142331E+01  0.108500E+00
  0.206174E+01  0.137305E+01  0.108715E+00
  0.206402E+01  0.124797E+01  0.108015E+00
  0.206631E+01  0.140352E+01  0.108407E+00
  0.206859E+01  0.125153E+01  0.107825E+00
  0.207088E+01  0.120997E+01  0.108314E+00
  0.207316E+01  0.114249E+01  0.108170E+00
  0.207545E+01  0.113873E+01  0.107764E+00
  0.207773E+01  0.128755E+01  0.108387E+00
  0.208002E+01  0.127291E+01  0.107745E+00
  0.208230E+01  0.126222E+01  0.108234E+00
  0.208459E+01  0.144132E+01  0.108154E+00
  0.208687E+01  0.103503E+01  0.107508E+00
  0.208915E+01  0.117851E+01  0.107870E+00
  0.209144E+01  0.122640E+01  0.107842E+00
  0.209372E+01  0.122699E+01  0.108509E+00
  0.209601E+01  0.139838E+01  0.107313E+00
  0.209829E+01  0.112250E+01  0.107696E+00
  0.210058E+01  0.103918E+01  0.107693E+00
  0.210286E+01  0.134356E+01  0.107480E+00
  0.210515E+01  0.111953E+01  0.108186E+00
  0.210743E+01  0.103978E+01  0.107020E+00
  0.210972E+01  0.119691E+01  0.107989E+00
  0.211200E+01  0.113715E+01  0.107405E+00
  0.211428E+01  0.113675E+01  0.107352E+00
  0.211657E+01  0.141263E+01  0.107840E+00
  0.211885E+01  0.141381E+01  0.106752E+00
  0.212114E+01  0.147813E+01  0.108358E+00
  0.212342E+01  0.149258E+01  0.107219E+00
  0.212571E+01  0.122403E+01  0.107277E+00
  0.212799E+01  0.121453E+01  0.107512E+00
  0.213028E+01  0.135840E+01  0.106738E+00
  0.213256E+01  0.124916E+01  0.107905E+00
  0.213485E+01  0.129962E+01  0.106470E+00
  0.213713E+01  0.142806E+01  0.107238E+00
  0.213941E+01  0.133604E+01  0.107186E+00
  0.214170E+01  0.116743E+01  0.106818E+00
  0.214398E+01  0.130536E+01  0.107649E+00
  0.214627E+01  0.140926E+01  0.106359E+00
  0.214855E+01  0.130160E+01  0.107687E+00
  0.215084E+01  0.121670E+01  0.106868E+00
  0.215312E+01  0.120641E+01  0.106744E+00
  0.215541E+01  0.130615E+01  0.107107E+00
  0.215769E+01  0.120641E+01  0.106034E+00
  0.215998E+01  0.132476E+01  0.107248E+00
  0.216226E+01  0.114368E+01  0.106864E+00
  0.216454E+01  0.105620E+01  0.106288E+00
  0.216683E+01  0.137384E+01  0.107040E+00
  0.216911E+01  0.147299E+01  0.106602E+00
  0.217140E+01  0.131130E+01  0.107055E+00
  0.217368E+01  0.139719E+01  0.106295E+00
  0.217597E+01  0.141837E+01  0.106342E+00
  0.217825E+01  0.141619E+01  0.106602E+00
  0.218054E+01  0.114249E+01  0.106052E+00
  0.218282E+01  0.132159E+01  0.106607E+00
  0.218511E+01  0.114526E+01  0.106145E+00
  0.218739E+01  0.116347E+01  0.106628E+00
  0.218968E+01  0.119968E+01  0.106446E+00
  0.219196E+01  0.125450E+01  0.106331E+00
  0.219424E+01  0.123570E+01  0.106136E+00
  0.219653E+01  0.119098E+01  0.105642E+00
  0.219881E+01  0.125331E+01  0.106456E+00
  0.220110E+01  0.125094E+01  0.106223E+00
  0.220338E+01  0.115397E+01  0.106149E+00
  0.220567E+01  0.121017E+01  0.106092E+00
  0.220795E+01  0.112903E+01  0.105830E+00
  0.221024E+01  0.126084E+01  0.106619E+00
  0.221252E+01  0.124738E+01  0.105392E+00
  0.221481E+01  0.133762E+01  0.106179E+00
  0.221709E+01  0.127350E+01  0.105658E+00
  0.221937E+01  0.107124E+01  0.106171E+00
  0.222166E+01  0.104512E+01  0.105644E+00
  0.222394E+01  0.102632E+01  0.105409E+00
  0.222623E+01  0.128221E+01  0.105966E+00
  0.222851E+01  0.130378E+01  0.105352E+00
  0.223080E+01  0.139264E+01  0.105899E+00
  0.223308E+01  0.113655E+01  0.105614E+00
  0.223537E+01  0.113438E+01  0.105341E+00
  0.223765E+01  0.116030E+01  0.105973E+00
  0.223994E+01  0.132852E+01  0.105173E+00
  0.224222E+01  0.117316E+01  0.105822E+00
  0.224450E+01  0.116683E+01  0.105291E+00
  0.224679E+01  0.140728E+01  0.105780E+00
  0.224907E+01  0.130299E+01  0.105838E+00
  0.225136E+01  0.109578E+01  0.104735E+00
  0.225364E+01  0.134217E+01  0.105880E+00
  0.225593E+01  0.138413E+01  0.105279E+00
  0.225821E+01  0.126578E+01  0.105898E+00
  0.226050E+01  0.120146E+01  0.105323E+00
  0.226278E+01  0.123135E+01  0.104899E+00
  0.226507E+01  0.132218E+01  0.105703E+00
  0.226735E+01  0.132159E+01  0.104650E+00
  0.226963E+01  0.114724E+01  0.105536E+00
  0.227192E+01  0.953295E+00  0.104905E+00
  0.227420E+01  0.119612E+01  0.104880E+00
  0.227649E+01  0.122027E+01  0.105579E+00
  0.227877E+01  0.119671E+01  0.104749E+00
  0.228106E+01  0.130338E+01  0.105325E+00
  0.228334E+01  0.133089E+01  0.104758E+00
  0.228563E+01  0.110469E+01  0.104938E+00
  0.228791E+01  0.142450E+01  0.105723E+00
  0.229020E+01  0.158500E+01  0.104344E+00
  0.229248E+01  0.146923E+01  0.105181E+00
  0.229476E+01  0.110469E+01  0.104397E+00
  0.229705E+01  0.108807E+01  0.105153E+00
  0.229933E+01  0.104710E+01  0.104844E+00
  0.230162E+01  0.123768E+01  0.104560E+00
  0.230390E+01  0.113833E+01  0.105546E+00
  0.230619E+01  0.130081E+01  0.105064E+00
  0.230847E+01  0.105799E+01  0.105841E+00
  0.231076E+01  0.998417E+00  0.105761E+00
  0.231304E+01  0.105937E+01  0.105598E+00
  0.231533E+01  0.977637E+00  0.105938E+00
  0.231761E+01  0.127766E+01  0.105630E+00
  0.231989E+01  0.138967E+01  0.106236E+00
  0.232218E+01  0.149456E+01  0.105629E+00
  0.232446E+01  0.142767E+01  0.105635E+00
  0.232675E+01  0.138294E+01  0.106334E+00
  0.232903E+01  0.113438E+01  0.105402E+00
  0.233132E+01  0.126776E+01  0.106544E+00
  0.233360E+01  0.125648E+01  0.105770E+00
  0.233589E+01  0.121690E+01  0.106138E+00
  0.233817E+01  0.144864E+01  0.106100E+00
  0.234046E+01  0.134890E+01  0.105709E+00
  0.234274E+01  0.133980E+01  0.106359E+00
  0.234503E+01  0.140708E+01  0.105698E+00
  0.234731E+01  0.131684E+01  0.106064E+00
  0.234959E+01  0.115140E+01  0.105881E+00
  0.235188E+01  0.102137E+01  0.106040E+00
  0.235416E+01  0.132100E+01  0.106318E+00
  0.235645E+01  0.146665E+01  0.105961E+00
  0.235873E+01  0.115476E+01  0.106206E+00
  0.236102E+01  0.108648E+01  0.105514E+00
  0.236330E+01  0.133703E+01  0.106441E+00
  0.236559E+01  0.124144E+01  0.106205E+00
  0.236787E+01  0.135306E+01  0.105489E+00
  0.237016E+01  0.138848E+01  0.106384E+00
  0.237244E+01  0.131803E+01  0.105241E+00
  0.237472E+01  0.125331E+01  0.106498E+00
  0.237701E+01  0.110608E+01  0.105804E+00
  0.237929E+01  0.960815E+00  0.105233E+00
  0.238158E+01  0.106650E+01  0.105859E+00
  0.238386E+01  0.125846E+01  0.105609E+00
  0.238615E+01  0.152622E+01  0.106182E+00
  0.238843E+01  0.150861E+01  0.105498E+00
  0.239072E+01  0.128241E+01  0.105765E+00
  0.239300E+01  0.133129E+01  0.105825E+00
  0.239529E+01  0.119652E+01  0.105225E+00
  0.239757E+01  0.131585E+01  0.105813E+00
  0.239985E+01  0.152127E+01  0.105050E+00
  0.240214E+01  0.148644E+01  0.105943E+00
  0.240442E+01  0.123194E+01  0.105593E+00
  0.240671E+01  0.123728E+01  0.105162E+00
  0.240899E+01  0.120898E+01  0.105570E+00
  0.241128E+01  0.154067E+01  0.105181E+00
  0.241356E+01  0.154463E+01  0.105809E+00
  0.241585E+01  0.137305E+01  0.104898E+00
  0.241813E+01  0.123887E+01  0.105227E+00
  0.242042E+01  0.130239E+01  0.105219E+00
  0.242270E+01  0.118207E+01  0.105012E+00
  0.242498E+01  0.127014E+01  0.105475E+00
  0.242727E+01  0.140115E+01  0.104773E+00
  0.242955E+01  0.147635E+01  0.105767E+00
  0.243184E+01  0.109915E+01  0.105140E+00
  0.243412E+01  0.113418E+01  0.104434E+00
  0.243641E+01  0.121888E+01  0.104844E+00
  0.243869E+01  0.127983E+01  0.104833E+00
  0.244098E+01  0.136434E+01  0.105388E+00
  0.244326E+01  0.133050E+01  0.104772E+00
  0.244555E+01  0.138512E+01  0.104833E+00
  0.244783E+01  0.146685E+01  0.104861E+00
  0.245011E+01  0.107857E+01  0.104415E+00
  0.245240E+01  0.130635E+01  0.105173E+00
  0.245468E+01  0.110152E+01  0.104211E+00
  0.245697E+01  0.123531E+01  0.104799E+00
  0.245925E+01  0.149951E+01  0.104894E+00
  0.246154E+01  0.145102E+01  0.104570E+00
  0.246382E+01  0.132515E+01  0.105012E+00
  0.246611E+01  0.126836E+01  0.103680E+00
  0.246839E+01  0.137780E+01  0.104962E+00
  0.247068E+01  0.176845E+01  0.104654E+00
  0.247296E+01  0.165763E+01  0.104254E+00
  0.247525E+01  0.131783E+01  0.104193E+00
  0.247753E+01  0.160241E+01  0.103522E+00
  0.247981E+01  0.123590E+01  0.104381E+00
  0.248210E+01  0.121037E+01  0.103776E+00
  0.248438E+01  0.136533E+01  0.103892E+00
  0.248667E+01  0.144904E+01  0.104095E+00
  0.248895E+01  0.149673E+01  0.103122E+00
  0.249124E+01  0.150109E+01  0.104049E+00
  0.249352E+01  0.122442E+01  0.102933E+00
  0.249581E+01  0.140768E+01  0.103438E+00
  0.249809E+01  0.112408E+01  0.103365E+00
  0.250038E+01  0.124857E+01  0.102906E+00
  0.250266E+01  0.126657E+01  0.102849E+00
  0.250494E+01  0.115694E+01  0.101988E+00
  0.250723E+01  0.135781E+01  0.102669E+00
  0.250951E+01  0.142529E+01  0.102129E+00
  0.251180E+01  0.141183E+01  0.102593E+00
  0.251408E+01  0.157253E+01  0.102452E+00
  0.251637E+01  0.128755E+01  0.101970E+00
  0.251865E+01  0.134178E+01  0.102682E+00
  0.252094E+01  0.148684E+01  0.101953E+00
  0.252322E+01  0.113695E+01  0.102068E+00
  0.252551E+01  0.115773E+01  0.102490E+00
  0.252779E+01  0.116703E+01  0.101807E+00
  0.253007E+01  0.156085E+01  0.102489E+00
  0.253236E+01  0.160519E+01  0.101592E+00
  0.253464E+01  0.141698E+01  0.102171E+00
  0.253693E+01  0.136473E+01  0.102002E+00
  0.253921E+01  0.154700E+01  0.102371E+00
  0.254150E+01  0.127192E+01  0.102004E+00
  0.254378E+01  0.123333E+01  0.101653E+00
  0.254607E+01  0.927964E+00  0.102020E+00
  0.254835E+01  0.106570E+01  0.101758E+00
  0.255064E+01  0.110330E+01  0.101889E+00
  0.255292E+01  0.126024E+01  0.102020E+00
  0.255520E+01  0.960024E+00  0.101218E+00
  0.255749E+01  0.118840E+01  0.102447E+00
  0.255977E+01  0.112250E+01  0.101329E+00
  0.256206E+01  0.117633E+01  0.101535E+00
  0.256434E+01  0.112211E+01  0.101588E+00
  0.256663E+01  0.110964E+01  0.101392E+00
  0.256891E+01  0.126420E+01  0.102135E+00
  0.257120E+01  0.133564E+01  0.101085E+00
  0.257348E+01  0.146487E+01  0.101792E+00
  0.257577E+01  0.121809E+01  0.101417E+00
  0.257805E+01  0.104453E+01  0.101854E+00
  0.258033E+01  0.119276E+01  0.101825E+00
  0.258262E+01  0.113734E+01  0.100803E+00
  0.258490E+01  0.123234E+01  0.101972E+00
  0.258719E+01  0.124639E+01  0.101330E+00
  0.258947E+01  0.100376E+01  0.101426E+00
  0.259176E+01  0.119830E+01  0.101445E+00
  0.259404E+01  0.114764E+01  0.101360E+00
  0.259633E+01  0.127924E+01  0.101844E+00
  0.259861E+01  0.131684E+01  0.101005E+00
  0.260090E+01  0.130101E+01  0.101498E+00
  0.260318E+01  0.115832E+01  0.101084E+00
  0.260546E+01  0.117455E+01  0.101409E+00
  0.260775E+01  0.131427E+01  0.101709E+00
  0.261003E+01  0.124342E+01  0.101072E+00
  0.261232E+01  0.111300E+01  0.101750E+00
  0.261460E+01  0.982387E+00  0.100873E+00
  0.261689E+01  0.898080E+00  0.101158E+00
  0.261917E+01  0.103661E+01  0.100932E+00
  0.262146E+01  0.110608E+01  0.100927E+00
  0.262374E+01  0.122660E+01  0.101643E+00
  0.262603E+01  0.142549E+01  0.101000E+00
  0.262831E+01  0.143934E+01  0.101176E+00
  0.263060E+01  0.144231E+01  0.100924E+00
  0.263288E+01  0.109994E+01  0.101025E+00
  0.263516E+01  0.125134E+01  0.101565E+00
  0.263745E+01  0.120463E+01  0.100687E+00
  0.263973E+01  0.120879E+01  0.100874E+00
  0.264202E+01  0.105383E+01  0.100765E+00
  0.264430E+01  0.938452E+00  0.100993E+00
  0.264659E+01  0.114981E+01  0.101202E+00
  0.264887E+01  0.121868E+01  0.100783E+00
  0.265116E+01  0.103701E+01  0.100962E+00
  0.265344E+01  0.121749E+01  0.100576E+00
  0.265573E+01  0.136177E+01  0.101218E+00
  0.265801E+01  0.102315E+01  0.100678E+00
  0.266029E+01  0.152325E+01  0.100580E+00
  0.266258E+01  0.141777E+01  0.100979E+00
  0.266486E+01  0.109222E+01  0.100488E+00
  0.266715E+01  0.130635E+01  0.101274E+00
  0.266943E+01  0.133465E+01  0.100377E+00
  0.267172E+01  0.102395E+01  0.100740E+00
  0.267400E+01  0.893924E+00  0.100604E+00
  0.267629E+01  0.784089E+00  0.100176E+00
  0.267857E+01  0.119137E+01  0.101039E+00
  0.268086E+01  0.112389E+01  0.100176E+00
  0.268314E+01  0.114486E+01  0.100796E+00
  0.268542E+01  0.126756E+01  0.100667E+00
  0.268771E+01  0.106254E+01  0.100184E+00
  0.268999E+01  0.110944E+01  0.100843E+00
  0.269228E+01  0.118029E+01  0.997739E-01
  0.269456E+01  0.117336E+01  0.101271E+00
  0.269685E+01  0.107659E+01  0.100139E+00
  0.269913E+01  0.109084E+01  0.100319E+00
  0.270142E+01  0.127053E+01  0.100749E+00
  0.270370E+01  0.102019E+01  0.997416E-01
  0.270599E+01  0.104532E+01  0.100977E+00
  0.270827E+01  0.869385E+00  0.997682E-01
  0.271055E+01  0.930141E+00  0.100546E+00
  0.271284E+01  0.120641E+01  0.100637E+00
  0.271512E+01  0.112666E+01  0.100011E+00
  0.271741E+01  0.107738E+01  0.100702E+00
  0.271969E+01  0.843855E+00  0.997015E-01
  0.272198E+01  0.831981E+00  0.100529E+00
  0.272426E+01  0.109361E+01  0.100658E+00
  0.272655E+01  0.101959E+01  0.996906E-01
  0.272883E+01  0.113972E+01  0.100454E+00
  0.273112E+01  0.133406E+01  0.997347E-01
  0.273340E+01  0.143004E+01  0.100532E+00
  0.273568E+01  0.135959E+01  0.100075E+00
  0.273797E+01  0.113180E+01  0.998132E-01
  0.274025E+01  0.116901E+01  0.100510E+00
  0.274254E+01  0.941619E+00  0.998638E-01
  0.274482E+01  0.992678E+00  0.100483E+00
  0.274711E+01  0.118583E+01  0.995930E-01
  0.274939E+01  0.111775E+01  0.100047E+00
  0.275168E+01  0.120047E+01  0.100222E+00
  0.275396E+01  0.893726E+00  0.999025E-01
  0.275625E+01  0.107778E+01  0.100327E+00
  0.275853E+01  0.111023E+01  0.995038E-01
  0.276081E+01  0.987136E+00  0.100139E+00
  0.276310E+01  0.116545E+01  0.100004E+00
  0.276538E+01  0.109717E+01  0.998508E-01
  0.276767E+01  0.114783E+01  0.999472E-01
  0.276995E+01  0.985157E+00  0.999203E-01
  0.277224E+01  0.106016E+01  0.100009E+00
  0.277452E+01  0.967346E+00  0.994378E-01
  0.277681E+01  0.117277E+01  0.996828E-01
  0.277909E+01  0.996636E+00  0.998926E-01
  0.278138E+01  0.108114E+01  0.999934E-01
  0.278366E+01  0.892935E+00  0.998704E-01
  0.278595E+01  0.112428E+01  0.991841E-01
  0.278823E+01  0.972689E+00  0.998008E-01
  0.279051E+01  0.115179E+01  0.997525E-01
  0.279280E+01  0.108154E+01  0.995743E-01
  0.279508E+01  0.100416E+01  0.998523E-01
  0.279737E+01  0.115476E+01  0.993570E-01
  0.279965E+01  0.122660E+01  0.100003E+00
  0.280194E+01  0.120285E+01  0.994208E-01
  0.280422E+01  0.102969E+01  0.995251E-01
  0.280651E+01  0.128914E+01  0.996885E-01
  0.280879E+01  0.108154E+01  0.995185E-01
  0.281108E+01  0.925787E+00  0.100232E+00
  0.281336E+01  0.100871E+01  0.987804E-01
  0.281564E+01  0.912725E+00  0.997159E-01
  0.281793E+01  0.861468E+00  0.994275E-01
  0.282021E+01  0.984762E+00  0.993867E-01
  0.282250E+01  0.968336E+00  0.998456E-01
  0.282478E+01  0.102850E+01  0.988899E-01
  0.282707E+01  0.920443E+00  0.996858E-01
  0.282935E+01  0.117514E+01  0.993095E-01
  0.283164E+01  0.114031E+01  0.993586E-01
  0.283392E+01  0.987136E+00  0.993482E-01
  0.283621E+01  0.828815E+00  0.990491E-01
  0.283849E+01  0.742925E+00  0.100063E+00
  0.284077E+01  0.650109E+00  0.985730E-01
  0.284306E+01  0.741342E+00  0.990833E-01
  0.284534E+01  0.763705E+00  0.990200E-01
  0.284763E+01  0.982783E+00  0.990141E-01
  0.284991E+01  0.905205E+00  0.999407E-01
  0.285220E+01  0.896497E+00  0.985156E-01
  0.285448E+01  0.685731E+00  0.991405E-01
  0.285677E+01  0.102771E+01  0.991677E-01
  0.285905E+01  0.106056E+01  0.994360E-01
  0.286134E+01  0.844449E+00  0.992064E-01
  0.286362E+01  0.780329E+00  0.987427E-01
  0.286590E+01  0.100950E+01  0.993671E-01
  0.286819E+01  0.107659E+01  0.990504E-01
  0.287047E+01  0.105502E+01  0.990769E-01
  0.287276E+01  0.120265E+01  0.991327E-01
  0.287504E+01  0.117554E+01  0.987515E-01
  0.287733E+01  0.121690E+01  0.997058E-01
  0.287961E+01  0.104928E+01  0.987023E-01
  0.288190E+01  0.955472E+00  0.989959E-01
  0.288418E+01  0.969919E+00  0.991435E-01
  0.288647E+01  0.813774E+00  0.987152E-01
  0.288875E+01  0.956462E+00  0.992040E-01
  0.289103E+01  0.627548E+00  0.983760E-01
  0.289332E+01  0.829804E+00  0.987818E-01
  0.289560E+01  0.930734E+00  0.987302E-01
  0.289789E+01  0.936671E+00  0.991051E-01
  0.290017E+01  0.988126E+00  0.988201E-01
  0.290246E+01  0.873738E+00  0.985826E-01
  0.290474E+01  0.936869E+00  0.993432E-01
  0.290703E+01  0.943202E+00  0.987555E-01
  0.290931E+01  0.939838E+00  0.991571E-01
  0.291160E+01  0.604987E+00  0.988375E-01
  0.291388E+01  0.798931E+00  0.985092E-01
  0.291617E+01  0.945181E+00  0.991100E-01
  0.291845E+01  0.901247E+00  0.982923E-01
  0.292073E+01  0.902434E+00  0.990445E-01
  0.292302E+01  0.980803E+00  0.985525E-01
  0.292530E+01  0.885415E+00  0.988435E-01
  0.292759E+01  0.943598E+00  0.991443E-01
  0.292987E+01  0.109044E+01  0.982710E-01
  0.293216E+01  0.934692E+00  0.989422E-01
  0.293444E+01  0.903028E+00  0.983250E-01
  0.293673E+01  0.895112E+00  0.991344E-01
  0.293901E+01  0.932120E+00  0.985847E-01
  0.294130E+01  0.889768E+00  0.983652E-01
  0.294358E+01  0.595092E+00  0.990827E-01
  0.294586E+01  0.986938E+00  0.981463E-01
  0.294815E+01  0.987928E+00  0.990903E-01
  0.295043E+01  0.822482E+00  0.984101E-01
  0.295272E+01  0.789432E+00  0.983612E-01
  0.295500E+01  0.916485E+00  0.989756E-01
  0.295729E+01  0.806254E+00  0.981257E-01
  0.295957E+01  0.937859E+00  0.987648E-01
  0.296186E+01  0.110845E+01  0.982031E-01
  0.296414E+01  0.926182E+00  0.986265E-01
  0.296643E+01  0.674847E+00  0.988234E-01
  0.296871E+01  0.607362E+00  0.977931E-01
  0.297099E+01  0.110687E+01  0.989432E-01
  0.297328E+01  0.972492E+00  0.980356E-01
  0.297556E+01  0.900851E+00  0.988644E-01
  0.297785E+01  0.829408E+00  0.986331E-01
  0.298013E+01  0.745300E+00  0.980083E-01
  0.298242E+01  0.912923E+00  0.987973E-01
  0.298470E+01  0.841480E+00  0.981349E-01
  0.298699E+01  0.823471E+00  0.985520E-01
  0.298927E+01  0.100673E+01  0.982528E-01
  0.299156E+01  0.980408E+00  0.983718E-01
  0.299384E+01  0.856125E+00  0.986411E-01
  0.299612E+01  0.100277E+01  0.982609E-01
  0.299841E+01  0.668910E+00  0.983088E-01
  0.300069E+01  0.864041E+00  0.980498E-01
  0.300298E+01  0.862260E+00  0.985648E-01
  0.300526E+01  0.783693E+00  0.984591E-01
  0.300755E+01  0.942213E+00  0.980416E-01
  0.300983E+01  0.886206E+00  0.984637E-01
  0.301212E+01  0.919256E+00  0.980503E-01
  0.301440E+01  0.962992E+00  0.986714E-01
  0.301669E+01  0.913715E+00  0.980793E-01
  0.301897E+01  0.101207E+01  0.981027E-01
  0.302125E+01  0.869978E+00  0.986194E-01
  0.302354E+01  0.601227E+00  0.978938E-01
  0.302582E+01  0.569167E+00  0.986295E-01
  0.302811E+01  0.866020E+00  0.975595E-01
  0.303039E+01  0.838116E+00  0.983852E-01
  0.303268E+01  0.925787E+00  0.984948E-01
  0.303496E+01  0.725114E+00  0.979062E-01
  0.303725E+01  0.888581E+00  0.985191E-01
  0.303953E+01  0.901643E+00  0.976093E-01
  0.304182E+01  0.949337E+00  0.984406E-01
  0.304410E+01  0.753216E+00  0.982774E-01
  0.304638E+01  0.971304E+00  0.978608E-01
  0.304867E+01  0.105917E+01  0.985822E-01
  0.305095E+01  0.659806E+00  0.976477E-01
  0.305324E+01  0.666733E+00  0.983807E-01
  0.305552E+01  0.785078E+00  0.977188E-01
  0.305781E+01  0.734613E+00  0.980425E-01
  0.306009E+01  0.701563E+00  0.983304E-01
  0.306238E+01  0.903028E+00  0.978043E-01
  0.306466E+01  0.747675E+00  0.982479E-01
  0.306695E+01  0.716604E+00  0.976851E-01
  0.306923E+01  0.695626E+00  0.980399E-01
  0.307152E+01  0.415595E+00  0.982380E-01
  0.307380E+01  0.731645E+00  0.977709E-01
  0.307608E+01  0.643974E+00  0.982403E-01
  0.307837E+01  0.746487E+00  0.974613E-01
  0.308065E+01  0.950920E+00  0.984291E-01
  0.308294E+01  0.101959E+01  0.977520E-01
  0.308522E+01  0.964971E+00  0.977441E-01
  0.308751E+01  0.703740E+00  0.979612E-01
  0.308979E+01  0.825846E+00  0.976378E-01
  0.309208E+01  0.861864E+00  0.983744E-01
  0.309436E+01  0.836731E+00  0.975284E-01
  0.309665E+01  0.585989E+00  0.979135E-01
  0.309893E+01  0.584603E+00  0.980756E-01
  0.310121E+01  0.662972E+00  0.975543E-01
  0.310350E+01  0.716802E+00  0.982912E-01
  0.310578E+01  0.821294E+00  0.974438E-01
  0.310807E+01  0.933901E+00  0.981717E-01
  0.311035E+01  0.843459E+00  0.980597E-01
  0.311264E+01  0.827627E+00  0.977670E-01
  0.311492E+01  0.770433E+00  0.979884E-01
  0.311721E+01  0.673066E+00  0.975984E-01
  0.311949E+01  0.939442E+00  0.986199E-01
  0.312178E+01  0.679200E+00  0.974976E-01
  0.312406E+01  0.710271E+00  0.976056E-01
  0.312634E+01  0.628538E+00  0.978914E-01
  0.312863E+01  0.819117E+00  0.976662E-01
  0.313091E+01  0.724718E+00  0.984464E-01
  0.313320E+01  0.681773E+00  0.976231E-01
  0.313548E+01  0.551554E+00  0.979112E-01
  0.313777E+01  0.735801E+00  0.977665E-01
  0.314005E+01  0.774985E+00  0.975781E-01
  0.314234E+01  0.720166E+00  0.983116E-01
  0.314462E+01  0.734019E+00  0.972284E-01
  0.314691E+01  0.685929E+00  0.981550E-01
  0.314919E+01  0.563626E+00  0.975849E-01
  0.315147E+01  0.814566E+00  0.978603E-01
  0.315376E+01  0.762715E+00  0.979331E-01
  0.315604E+01  0.794577E+00  0.973941E-01
  0.315833E+01  0.707698E+00  0.984620E-01
  0.316061E+01  0.625371E+00  0.973072E-01
  0.316290E+01  0.648724E+00  0.978595E-01
  0.316518E+01  0.549970E+00  0.978230E-01
  0.316747E+01  0.656046E+00  0.975403E-01
  0.316975E+01  0.735603E+00  0.983437E-01
  0.317204E+01  0.668514E+00  0.968821E-01
  0.317432E+01  0.719968E+00  0.978722E-01
  0.317660E+01  0.754997E+00  0.977959E-01
  0.317889E+01  0.669107E+00  0.975571E-01
  0.318117E+01  0.638433E+00  0.977394E-01
  0.318346E+01  0.555116E+00  0.971288E-01
  0.318574E+01  0.704136E+00  0.980724E-01
  0.318803E+01  0.863052E+00  0.977359E-01
  0.319031E+01  0.627548E+00  0.976576E-01
  0.319260E+01  0.516921E+00  0.975761E-01
  0.319488E+01  0.630517E+00  0.972982E-01
  0.319717E+01  0.652286E+00  0.979620E-01
  0.319945E+01  0.745300E+00  0.974111E-01
  0.320173E+01  0.679003E+00  0.978655E-01
  0.320402E+01  0.611914E+00  0.979073E-01
  0.320630E+01  0.983970E+00  0.975864E-01
  0.320859E+01  0.893331E+00  0.980173E-01
  0.321087E+01  0.799129E+00  0.973291E-01
  0.321316E+01  0.873936E+00  0.979470E-01
  0.321544E+01  0.918860E+00  0.975872E-01
  0.321773E+01  0.887196E+00  0.979615E-01
  0.322001E+01  0.563823E+00  0.975294E-01
  0.322230E+01  0.439145E+00  0.970555E-01
  0.322458E+01  0.605185E+00  0.980069E-01
  0.322687E+01  0.487631E+00  0.975036E-01
  0.322915E+01  0.637641E+00  0.978899E-01
  0.323143E+01  0.601623E+00  0.974522E-01
  0.323372E+01  0.599446E+00  0.974397E-01
  0.323600E+01  0.670889E+00  0.981110E-01
  0.323829E+01  0.561449E+00  0.971397E-01
  0.324057E+01  0.535523E+00  0.976878E-01
  0.324286E+01  0.648921E+00  0.975337E-01
  0.324514E+01  0.719968E+00  0.978344E-01
  0.324743E+01  0.707500E+00  0.978079E-01
  0.324971E+01  0.783495E+00  0.970510E-01
  0.325200E+01  0.651098E+00  0.977519E-01
  0.325428E+01  0.624382E+00  0.973725E-01
  0.325656E+01  0.610330E+00  0.978120E-01
  0.325885E+01  0.799129E+00  0.977975E-01
  0.326113E+01  0.719177E+00  0.974222E-01
  0.326342E+01  0.655650E+00  0.980276E-01
  0.326570E+01  0.406491E+00  0.972138E-01
  0.326799E+01  0.513160E+00  0.976606E-01
  0.327027E+01  0.665347E+00  0.975969E-01
  0.327256E+01  0.672868E+00  0.973609E-01
  0.327484E+01  0.519493E+00  0.983069E-01
  0.327713E+01  0.725708E+00  0.971073E-01
  0.327941E+01  0.607164E+00  0.974035E-01
  0.328169E+01  0.383930E+00  0.971663E-01
  0.328398E+01  0.455175E+00  0.979011E-01
  0.328626E+01  0.473580E+00  0.977117E-01
  0.328855E+01  0.361567E+00  0.969928E-01
  0.329083E+01  0.518306E+00  0.978123E-01
  0.329312E+01  0.514942E+00  0.971143E-01
  0.329540E+01  0.369681E+00  0.978818E-01
  0.329769E+01  0.613101E+00  0.974585E-01
  0.329997E+01  0.663368E+00  0.972405E-01
  0.330226E+01  0.600831E+00  0.979711E-01
  0.330454E+01  0.561647E+00  0.971793E-01
  0.330682E+01  0.719573E+00  0.975012E-01
  0.330911E+01  0.528993E+00  0.970843E-01
  0.331139E+01  0.640214E+00  0.975424E-01
  0.331368E+01  0.847219E+00  0.978513E-01
  0.331596E+01  0.789234E+00  0.974851E-01
  0.331825E+01  0.690085E+00  0.977082E-01
  0.332053E+01  0.624184E+00  0.972069E-01
  0.332282E+01  0.705719E+00  0.977942E-01
  0.332510E+01  0.748664E+00  0.976536E-01
  0.332739E+01  0.734019E+00  0.973009E-01
  0.332967E+01  0.849792E+00  0.979287E-01
  0.333195E+01  0.753810E+00  0.971832E-01
  0.333424E+01  0.536513E+00  0.979557E-01
  0.333652E+01  0.662775E+00  0.973262E-01
  0.333881E+01  0.687710E+00  0.974374E-01
  0.334109E+01  0.641797E+00  0.978233E-01
  0.334338E+01  0.717791E+00  0.973946E-01
  0.334566E+01  0.675638E+00  0.978767E-01
  0.334795E+01  0.462300E+00  0.969975E-01
  0.335023E+01  0.544627E+00  0.976621E-01
  0.335252E+01  0.400158E+00  0.978040E-01
  0.335480E+01  0.571344E+00  0.971783E-01
  0.335708E+01  0.737186E+00  0.977974E-01
  0.335937E+01  0.726103E+00  0.971870E-01
  0.336165E+01  0.631902E+00  0.975942E-01
  0.336394E+01  0.424698E+00  0.973807E-01
  0.336622E+01  0.425886E+00  0.971461E-01
  0.336851E+01  0.569563E+00  0.980127E-01
  0.337079E+01  0.641203E+00  0.974062E-01
  0.337308E+01  0.512567E+00  0.981555E-01
  0.337536E+01  0.388680E+00  0.971069E-01
  0.337765E+01  0.262418E+00  0.973945E-01
  0.337993E+01  0.515535E+00  0.979108E-01
  0.338222E+01  0.670295E+00  0.975260E-01
  0.338450E+01  0.756580E+00  0.978668E-01
  0.338678E+01  0.675440E+00  0.969188E-01
  0.338907E+01  0.451415E+00  0.977430E-01
  0.339135E+01  0.403918E+00  0.979791E-01
  0.339364E+01  0.389076E+00  0.972375E-01
  0.339592E+01  0.533149E+00  0.979655E-01
  0.339821E+01  0.564813E+00  0.969444E-01
  0.340049E+01  0.505244E+00  0.979977E-01
  0.340278E+01  0.368494E+00  0.971927E-01
  0.340506E+01  0.757372E+00  0.973546E-01
  0.340735E+01  0.789036E+00  0.978778E-01
  0.340963E+01  0.608945E+00  0.972899E-01
  0.341191E+01  0.724916E+00  0.981734E-01
  0.341420E+01  0.380170E+00  0.970582E-01
  0.341648E+01  0.686523E+00  0.977269E-01
  0.341877E+01  0.607758E+00  0.977654E-01
  0.342105E+01  0.523254E+00  0.975318E-01
  0.342334E+01  0.641599E+00  0.977862E-01
  0.342562E+01  0.769048E+00  0.971985E-01
  0.342791E+01  0.702157E+00  0.978646E-01
  0.343019E+01  0.455373E+00  0.981105E-01
  0.343248E+01  0.587770E+00  0.971175E-01
  0.343476E+01  0.520285E+00  0.977163E-01
  0.343704E+01  0.558282E+00  0.973136E-01
  0.343933E+01  0.672472E+00  0.978770E-01
  0.344161E+01  0.560459E+00  0.974220E-01
  0.344390E+01  0.762319E+00  0.975977E-01
  0.344618E+01  0.887394E+00  0.977707E-01
  0.344847E+01  0.781120E+00  0.973930E-01
  0.345075E+01  0.724124E+00  0.980164E-01
  0.345304E+01  0.567188E+00  0.969470E-01
  0.345532E+01  0.514150E+00  0.977259E-01
  0.345761E+01  0.450228E+00  0.976254E-01
  0.345989E+01  0.491391E+00  0.974779E-01
  0.346217E+01  0.619830E+00  0.978882E-01
  0.346446E+01  0.489610E+00  0.971435E-01
  0.346674E+01  0.627746E+00  0.980075E-01
  0.346903E+01  0.570156E+00  0.975452E-01
  0.347131E+01  0.333465E+00  0.976400E-01
  0.347360E+01  0.479517E+00  0.975029E-01
  0.347588E+01  0.493370E+00  0.972695E-01
  0.347817E+01  0.701563E+00  0.981903E-01
  0.348045E+01  0.733624E+00  0.972804E-01
  0.348274E+01  0.685731E+00  0.979449E-01
  0.348502E+01  0.625371E+00  0.980454E-01
  0.348730E+01  0.436968E+00  0.976552E-01
  0.348959E+01  0.559470E+00  0.982325E-01
  0.349187E+01  0.819117E+00  0.969365E-01
  0.349416E+01  0.779537E+00  0.981053E-01
  0.349644E+01  0.669107E+00  0.978787E-01
  0.349873E+01  0.633287E+00  0.978249E-01
  0.350101E+01  0.523649E+00  0.979665E-01
  0.350330E+01  0.265387E+00  0.969751E-01
  0.350558E+01  0.413814E+00  0.981198E-01
  0.350787E+01  0.665545E+00  0.975505E-01
  0.351015E+01  0.621809E+00  0.976048E-01
  0.351244E+01  0.378389E+00  0.979147E-01
  0.351472E+01  0.314665E+00  0.973608E-01
  0.351700E+01  0.587374E+00  0.983487E-01
  0.351929E+01  0.931724E+00  0.972221E-01
  0.352157E+01  0.832773E+00  0.979939E-01
  0.352386E+01  0.761528E+00  0.981895E-01
  0.352614E+01  0.717000E+00  0.975863E-01
  0.352843E+01  0.655254E+00  0.985430E-01
  0.353071E+01  0.791609E+00  0.969868E-01
  0.353300E+01  0.621611E+00  0.981152E-01
  0.353528E+01  0.826044E+00  0.978117E-01
  0.353757E+01  0.578072E+00  0.979954E-01
  0.353985E+01  0.582624E+00  0.980586E-01
  0.354213E+01  0.481892E+00  0.974963E-01
  0.354442E+01  0.656640E+00  0.983257E-01
  0.354670E+01  0.744904E+00  0.976741E-01
  0.354899E+01  0.732634E+00  0.978428E-01
  0.355127E+01  0.668316E+00  0.979257E-01
  0.355356E+01  0.881852E+00  0.979584E-01
  0.355584E+01  0.614289E+00  0.987128E-01
  0.355813E+01  0.735009E+00  0.976384E-01
  0.356041E+01  0.924995E+00  0.981144E-01
  0.356270E+01  0.665347E+00  0.980011E-01
  0.356498E+01  0.622007E+00  0.978435E-01
  0.356726E+01  0.726499E+00  0.981442E-01
  0.356955E+01  0.844053E+00  0.975414E-01
  0.357183E+01  0.744112E+00  0.986171E-01
  0.357412E+01  0.549970E+00  0.978998E-01
  0.357640E+01  0.723135E+00  0.981698E-01
  0.357869E+01  0.631308E+00  0.978702E-01
  0.358097E+01  0.634672E+00  0.977152E-01
  0.358326E+01  0.692064E+00  0.983442E-01
  0.358554E+01  0.517316E+00  0.979317E-01
  0.358783E+01  0.372254E+00  0.977870E-01
  0.359011E+01  0.631506E+00  0.980813E-01
  0.359239E+01  0.483079E+00  0.977785E-01
  0.359468E+01  0.623590E+00  0.987717E-01
  0.359696E+01  0.656640E+00  0.977610E-01
  0.359925E+01  0.704730E+00  0.982100E-01
  0.360153E+01  0.613695E+00  0.978320E-01
  0.360382E+01  0.473184E+00  0.980690E-01
  0.360610E+01  0.565407E+00  0.983637E-01
  0.360839E+01  0.794182E+00  0.978829E-01
  0.361067E+01  0.644963E+00  0.986695E-01
  0.361296E+01  0.646151E+00  0.978013E-01
  0.361524E+01  0.650505E+00  0.985352E-01
  0.361752E+01  0.684544E+00  0.979979E-01
  0.361981E+01  0.745300E+00  0.979307E-01
  0.362209E+01  0.696616E+00  0.987744E-01
  0.362438E+01  0.490402E+00  0.978255E-01
  0.362666E+01  0.700772E+00  0.984177E-01
  0.362895E+01  0.727687E+00  0.978360E-01
  0.363123E+01  0.801108E+00  0.983754E-01
  0.363352E+01  0.498318E+00  0.984832E-01
  0.363580E+01  0.694835E+00  0.979040E-01
  0.363809E+01  0.626558E+00  0.986567E-01
  0.364037E+01  0.531170E+00  0.978545E-01
  0.364265E+01  0.426281E+00  0.985673E-01
  0.364494E+01  0.627746E+00  0.981553E-01
  0.364722E+01  0.686325E+00  0.979757E-01
  0.364951E+01  0.696022E+00  0.989272E-01
  0.365179E+01  0.528201E+00  0.980038E-01
  0.365408E+01  0.472591E+00  0.989440E-01
  0.365636E+01  0.548189E+00  0.980641E-01
  0.365865E+01  0.754799E+00  0.979855E-01
  0.366093E+01  0.741144E+00  0.985797E-01
  0.366322E+01  0.741540E+00  0.982650E-01
  0.366550E+01  0.583614E+00  0.985021E-01
  0.366779E+01  0.586780E+00  0.982362E-01
  0.367007E+01  0.843657E+00  0.986820E-01
  0.367235E+01  0.780922E+00  0.990470E-01
  0.367464E+01  0.735009E+00  0.980439E-01
  0.367692E+01  0.626756E+00  0.983240E-01
  0.367921E+01  0.778745E+00  0.983055E-01
  0.368149E+01  0.772412E+00  0.988472E-01
  0.368378E+01  0.640610E+00  0.990211E-01
  0.368606E+01  0.638433E+00  0.978143E-01
  0.368835E+01  0.422917E+00  0.988115E-01
  0.369063E+01  0.580249E+00  0.984066E-01
  0.369292E+01  0.588957E+00  0.989969E-01
  0.369520E+01  0.544231E+00  0.983269E-01
  0.369748E+01  0.587176E+00  0.982730E-01
  0.369977E+01  0.529388E+00  0.989982E-01
  0.370205E+01  0.494558E+00  0.982683E-01
  0.370434E+01  0.381160E+00  0.986197E-01
  0.370662E+01  0.182070E+00  0.985581E-01
  0.370891E+01  0.394023E+00  0.988095E-01
  0.371119E+01  0.335840E+00  0.990872E-01
  0.371348E+01  0.692658E+00  0.982783E-01
  0.371576E+01  0.641203E+00  0.987274E-01
  0.371805E+01  0.769642E+00  0.986814E-01
  0.372033E+01  0.546012E+00  0.990140E-01
  0.372261E+01  0.650109E+00  0.990059E-01
  0.372490E+01  0.752424E+00  0.985586E-01
  0.372718E+01  0.668910E+00  0.991508E-01
  0.372947E+01  0.511775E+00  0.984059E-01
  0.373175E+01  0.361172E+00  0.989210E-01
  0.373404E+01  0.618642E+00  0.986523E-01
  0.373632E+01  0.712052E+00  0.990572E-01
  0.373861E+01  0.582624E+00  0.993477E-01
  0.374089E+01  0.443103E+00  0.987570E-01
  0.374318E+01  0.609143E+00  0.989167E-01
  0.374546E+01  0.415199E+00  0.986583E-01
  0.374774E+01  0.444884E+00  0.992318E-01
  0.375003E+01  0.658223E+00  0.992564E-01
  0.375231E+01  0.562042E+00  0.985468E-01
  0.375460E+01  0.424302E+00  0.992266E-01
  0.375688E+01  0.596279E+00  0.992667E-01
  0.375917E+01  0.656046E+00  0.994007E-01
  0.376145E+01  0.793588E+00  0.992476E-01
  0.376374E+01  0.668514E+00  0.985709E-01
  0.376602E+01  0.928755E+00  0.994873E-01
  0.376831E+01  0.713833E+00  0.991793E-01
  0.377059E+01  0.605383E+00  0.992115E-01
  0.377287E+01  0.680586E+00  0.990479E-01
  0.377516E+01  0.516723E+00  0.987995E-01
  0.377744E+01  0.486444E+00  0.995118E-01
  0.377973E+01  0.328320E+00  0.991056E-01
  0.378201E+01  0.436968E+00  0.990923E-01
  0.378430E+01  0.660202E+00  0.994457E-01
  0.378658E+01  0.609539E+00  0.991718E-01
  0.378887E+01  0.452800E+00  0.994674E-01
  0.379115E+01  0.401939E+00  0.989869E-01
  0.379344E+01  0.410449E+00  0.991156E-01
  0.379572E+01  0.550564E+00  0.995953E-01
  0.379800E+01  0.687512E+00  0.995188E-01
  0.380029E+01  0.495745E+00  0.993688E-01
  0.380257E+01  0.696022E+00  0.992585E-01
  0.380486E+01  0.653077E+00  0.994972E-01
  0.380714E+01  0.652088E+00  0.996303E-01
  0.380943E+01  0.574906E+00  0.994552E-01
  0.381171E+01  0.627548E+00  0.993225E-01
  0.381400E+01  0.481892E+00  0.995416E-01
  0.381628E+01  0.451217E+00  0.996838E-01
  0.381857E+01  0.408272E+00  0.995805E-01
  0.382085E+01  0.676034E+00  0.994741E-01
  0.382314E+01  0.729666E+00  0.998197E-01
  0.382542E+01  0.663170E+00  0.997569E-01
  0.382770E+01  0.357807E+00  0.996244E-01
  0.382999E+01  0.334455E+00  0.994516E-01
  0.383227E+01  0.871166E+00  0.998613E-01
  0.383456E+01  0.832377E+00  0.999682E-01
  0.383684E+01  0.777360E+00  0.100019E+00
  0.383913E+01  0.746685E+00  0.998346E-01
  0.384141E+01  0.647140E+00  0.994524E-01
  0.384370E+01  0.788047E+00  0.998543E-01
  0.384598E+01  0.572927E+00  0.100009E+00
  0.384827E+01  0.477538E+00  0.100165E+00
  0.385055E+01  0.683356E+00  0.997364E-01
  0.385283E+01  0.787453E+00  0.100152E+00
  0.385512E+01  0.702751E+00  0.100152E+00
  0.385740E+01  0.845240E+00  0.100188E+00
  0.385969E+01  0.790817E+00  0.998422E-01
  0.386197E+01  0.606570E+00  0.100170E+00
  0.386426E+01  0.731051E+00  0.100085E+00
  0.386654E+01  0.681377E+00  0.999841E-01
  0.386883E+01  0.608154E+00  0.100063E+00
  0.387111E+01  0.639026E+00  0.998821E-01
  0.387340E+01  0.817732E+00  0.100339E+00
  0.387568E+01  0.852167E+00  0.100582E+00
  0.387796E+01  0.425688E+00  0.100123E+00
  0.388025E+01  0.538492E+00  0.100281E+00
  0.388253E+01  0.615872E+00  0.100148E+00
  0.388482E+01  0.716406E+00  0.100545E+00
  0.388710E+01  0.604591E+00  0.100204E+00
  0.388939E+01  0.979814E+00  0.100212E+00
  0.389167E+01  0.885415E+00  0.100869E+00
  0.389396E+01  0.758559E+00  0.100733E+00
  0.389624E+01  0.654265E+00  0.100537E+00
  0.389853E+01  0.548585E+00  0.100147E+00
  0.390081E+01  0.601425E+00  0.100460E+00
  0.390309E+01  0.750643E+00  0.100710E+00
  0.390538E+01  0.737582E+00  0.100720E+00
  0.390766E+01  0.546606E+00  0.100292E+00
  0.390995E+01  0.590144E+00  0.100598E+00
  0.391223E+01  0.495349E+00  0.100660E+00
  0.391452E+01  0.654858E+00  0.100779E+00
  0.391680E+01  0.720958E+00  0.100385E+00
  0.391909E+01  0.535919E+00  0.100623E+00
  0.392137E+01  0.578072E+00  0.101064E+00
  0.392366E+01  0.604591E+00  0.101046E+00
  0.392594E+01  0.534138E+00  0.100721E+00
  0.392822E+01  0.677024E+00  0.100619E+00
  0.393051E+01  0.640412E+00  0.100995E+00
  0.393279E+01  0.737186E+00  0.101070E+00
  0.393508E+01  0.517316E+00  0.100970E+00
  0.393736E+01  0.733426E+00  0.100700E+00
  0.393965E+01  0.998021E+00  0.100984E+00
  0.394193E+01  0.834752E+00  0.101246E+00
  0.394422E+01  0.809222E+00  0.101140E+00
  0.394650E+01  0.653671E+00  0.100954E+00
  0.394879E+01  0.557095E+00  0.101015E+00
  0.395107E+01  0.431625E+00  0.101195E+00
  0.395336E+01  0.736790E+00  0.101478E+00
  0.395564E+01  0.500099E+00  0.100762E+00
  0.395792E+01  0.571542E+00  0.100883E+00
  0.396021E+01  0.694043E+00  0.101270E+00
  0.396249E+01  0.632891E+00  0.101605E+00
  0.396478E+01  0.755195E+00  0.101505E+00
  0.396706E+01  0.505442E+00  0.100748E+00
  0.396935E+01  0.432614E+00  0.101305E+00
  0.397163E+01  0.408272E+00  0.101467E+00
  0.397392E+01  0.514150E+00  0.101153E+00
  0.397620E+01  0.457748E+00  0.101189E+00
  0.397849E+01  0.506234E+00  0.101464E+00
  0.398077E+01  0.584405E+00  0.101765E+00
  0.398305E+01  0.524837E+00  0.101514E+00
  0.398534E+01  0.486048E+00  0.101371E+00
  0.398762E+01  0.431031E+00  0.101736E+00
  0.398991E+01  0.253117E+00  0.101429E+00
  0.399219E+01  0.565011E+00  0.102105E+00
  0.399448E+01  0.489214E+00  0.101403E+00
  0.399676E+01  0.340590E+00  0.101110E+00
  0.399905E+01  0.514150E+00  0.101765E+00
  0.400133E+01  0.851573E+00  0.101823E+00
  0.400362E+01  0.784484E+00  0.101979E+00
  0.400590E+01  0.573916E+00  0.101507E+00
  0.400818E+01  0.653473E+00  0.101911E+00
  0.401047E+01  0.615080E+00  0.102225E+00
  0.401275E+01  0.657035E+00  0.101650E+00
  0.401504E+01  0.789630E+00  0.101924E+00
  0.401732E+01  0.676430E+00  0.102157E+00
  0.401961E+01  0.441520E+00  0.102048E+00
  0.402189E+01  0.605581E+00  0.102189E+00
  0.402418E+01  0.731249E+00  0.101598E+00
  0.402646E+01  0.680784E+00  0.101871E+00
  0.402875E+01  0.661983E+00  0.102417E+00
  0.403103E+01  0.674451E+00  0.102148E+00
  0.403331E+01  0.663764E+00  0.102393E+00
  0.403560E+01  0.495349E+00  0.101842E+00
  0.403788E+01  0.505047E+00  0.102562E+00
  0.404017E+01  0.843855E+00  0.102722E+00
  0.404245E+01  0.641203E+00  0.102337E+00
  0.404474E+01  0.567188E+00  0.102252E+00
  0.404702E+01  0.465862E+00  0.102273E+00
  0.404931E+01  0.545814E+00  0.102672E+00
  0.405159E+01  0.385118E+00  0.102349E+00
  0.405388E+01  0.399367E+00  0.101956E+00
  0.405616E+01  0.758955E+00  0.102679E+00
  0.405844E+01  0.828617E+00  0.102976E+00
  0.406073E+01  0.412230E+00  0.102649E+00
  0.406301E+01  0.473184E+00  0.102713E+00
  0.406530E+01  0.673066E+00  0.102588E+00
  0.406758E+01  0.753018E+00  0.102864E+00
  0.406987E+01  0.614684E+00  0.103174E+00
  0.407215E+01  0.657035E+00  0.102854E+00
  0.407444E+01  0.699980E+00  0.102916E+00
  0.407672E+01  0.684742E+00  0.103015E+00
  0.407901E+01  0.507817E+00  0.103384E+00
  0.408129E+01  0.692460E+00  0.102964E+00
  0.408357E+01  0.824659E+00  0.102817E+00
  0.408586E+01  0.550564E+00  0.103472E+00
  0.408814E+01  0.404710E+00  0.103100E+00
  0.409043E+01  0.500891E+00  0.103259E+00
  0.409271E+01  0.661389E+00  0.103155E+00
  0.409500E+01  0.716010E+00  0.103400E+00
  0.409728E+01  0.658025E+00  0.103386E+00
  0.409957E+01  0.639620E+00  0.103371E+00
  0.410185E+01  0.611716E+00  0.103509E+00
  0.410414E+01  0.434198E+00  0.103345E+00
  0.410642E+01  0.662577E+00  0.103783E+00
  0.410871E+01  0.731447E+00  0.103385E+00
  0.411099E+01  0.851969E+00  0.103423E+00
  0.411327E+01  0.683752E+00  0.103584E+00
  0.411556E+01  0.633881E+00  0.103866E+00
  0.411784E+01  0.743519E+00  0.104236E+00
  0.412013E+01  0.612705E+00  0.103569E+00
  0.412241E+01  0.624579E+00  0.103303E+00
  0.412470E+01  0.614289E+00  0.103659E+00
  0.412698E+01  0.603602E+00  0.104006E+00
  0.412927E+01  0.563230E+00  0.103820E+00
  0.413155E+01  0.551554E+00  0.103899E+00
  0.413384E+01  0.593707E+00  0.104355E+00
  0.413612E+01  0.648526E+00  0.104402E+00
  0.413840E+01  0.565209E+00  0.103641E+00
  0.414069E+01  0.542648E+00  0.103879E+00
  0.414297E+01  0.597863E+00  0.104159E+00
  0.414526E+01  0.537898E+00  0.104124E+00
  0.414754E+01  0.491985E+00  0.104739E+00
  0.414983E+01  0.525628E+00  0.104199E+00
  0.415211E+01  0.748268E+00  0.104380E+00
  0.415440E+01  0.757174E+00  0.104851E+00
  0.415668E+01  0.557293E+00  0.104479E+00
  0.415897E+01  0.714625E+00  0.104410E+00
  0.416125E+01  0.674253E+00  0.104399E+00
  0.416353E+01  0.615476E+00  0.104378E+00
  0.416582E+01  0.421334E+00  0.104551E+00
  0.416810E+01  0.531763E+00  0.104627E+00
  0.417039E+01  0.267564E+00  0.104506E+00
  0.417267E+01  0.437166E+00  0.105012E+00
  0.417496E+01  0.506036E+00  0.105027E+00
  0.417724E+01  0.561251E+00  0.104898E+00
  0.417953E+01  0.537502E+00  0.104688E+00
  0.418181E+01  0.663962E+00  0.105210E+00
  0.418410E+01  0.371660E+00  0.105118E+00
  0.418638E+01  0.519098E+00  0.104917E+00
  0.418866E+01  0.596873E+00  0.105220E+00
  0.419095E+01  0.521472E+00  0.105036E+00
  0.419323E+01  0.564813E+00  0.105586E+00
  0.419552E+01  0.764298E+00  0.105230E+00
  0.419780E+01  0.505244E+00  0.104604E+00
  0.420009E+01  0.493370E+00  0.105626E+00
  0.420237E+01  0.479319E+00  0.105676E+00
  0.420466E+01  0.483079E+00  0.105769E+00
  0.420694E+01  0.463685E+00  0.105595E+00
  0.420923E+01  0.611122E+00  0.104979E+00
  0.421151E+01  0.874728E+00  0.105980E+00
  0.421379E+01  0.951910E+00  0.105705E+00
  0.421608E+01  0.760934E+00  0.105743E+00
  0.421836E+01  0.692658E+00  0.105768E+00
  0.422065E+01  0.598654E+00  0.105988E+00
  0.422293E+01  0.317237E+00  0.105959E+00
  0.422522E+01  0.526816E+00  0.106134E+00
  0.422750E+01  0.782110E+00  0.106171E+00
  0.422979E+01  0.557689E+00  0.105940E+00
  0.423207E+01  0.436968E+00  0.106221E+00
  0.423436E+01  0.725708E+00  0.106263E+00
  0.423664E+01  0.780922E+00  0.106006E+00
  0.423892E+01  0.695428E+00  0.106354E+00
  0.424121E+01  0.451217E+00  0.106444E+00
  0.424349E+01  0.669899E+00  0.106607E+00
  0.424578E+01  0.389472E+00  0.106323E+00
  0.424806E+01  0.527409E+00  0.106206E+00
  0.425035E+01  0.711854E+00  0.106636E+00
  0.425263E+01  0.769246E+00  0.106950E+00
  0.425492E+01  0.764298E+00  0.106716E+00
  0.425720E+01  0.827033E+00  0.106864E+00
  0.425949E+01  0.768059E+00  0.107157E+00
  0.426177E+01  0.750643E+00  0.107109E+00
  0.426406E+01  0.685731E+00  0.107080E+00
  0.426634E+01  0.585989E+00  0.106614E+00
  0.426862E+01  0.488027E+00  0.107256E+00
  0.427091E+01  0.698595E+00  0.107500E+00
  0.427319E+01  0.545023E+00  0.107319E+00
  0.427548E+01  0.649515E+00  0.107096E+00
  0.427776E+01  0.639224E+00  0.107099E+00
  0.428005E+01  0.678409E+00  0.107635E+00
  0.428233E+01  0.715614E+00  0.107581E+00
  0.428462E+01  0.494360E+00  0.107497E+00
  0.428690E+01  0.344350E+00  0.107607E+00
  0.428919E+01  0.615674E+00  0.108168E+00
  0.429147E+01  0.664358E+00  0.107860E+00
  0.429375E+01  0.313675E+00  0.107523E+00
  0.429604E+01  0.423709E+00  0.107882E+00
  0.429832E+01  0.527805E+00  0.107939E+00
  0.430061E+01  0.589947E+00  0.108288E+00
  0.430289E+01  0.597665E+00  0.108166E+00
  0.430518E+01  0.504057E+00  0.107484E+00
  0.430746E+01  0.677815E+00  0.108049E+00
  0.430975E+01  0.714031E+00  0.108433E+00
  0.431203E+01  0.904611E+00  0.108533E+00
  0.431432E+01  0.762517E+00  0.108332E+00
  0.431660E+01  0.777162E+00  0.108626E+00
  0.431888E+01  0.814764E+00  0.108830E+00
  0.432117E+01  0.565605E+00  0.108758E+00
  0.432345E+01  0.490798E+00  0.108528E+00
  0.432574E+01  0.564021E+00  0.108440E+00
  0.432802E+01  0.644568E+00  0.108916E+00
  0.433031E+01  0.481298E+00  0.109047E+00
  0.433259E+01  0.787849E+00  0.108887E+00
  0.433488E+01  0.746091E+00  0.108434E+00
  0.433716E+01  0.715614E+00  0.109173E+00
  0.433945E+01  0.681773E+00  0.109652E+00
  0.434173E+01  0.418167E+00  0.109487E+00
  0.434401E+01  0.420740E+00  0.109414E+00
  0.434630E+01  0.574114E+00  0.109102E+00
  0.434858E+01  0.642984E+00  0.109702E+00
  0.435087E+01  0.930338E+00  0.109527E+00
  0.435315E+01  0.417970E+00  0.109222E+00
  0.435544E+01  0.521868E+00  0.109898E+00
  0.435772E+01  0.614882E+00  0.110109E+00
  0.436001E+01  0.726499E+00  0.110037E+00
  0.436229E+01  0.683752E+00  0.109639E+00
  0.436458E+01  0.671086E+00  0.109895E+00
  0.436686E+01  0.648921E+00  0.110388E+00
  0.436914E+01  0.482486E+00  0.110527E+00
  0.437143E+01  0.565407E+00  0.110127E+00
  0.437371E+01  0.567782E+00  0.110170E+00
  0.437600E+01  0.809816E+00  0.110247E+00
  0.437828E+01  0.775777E+00  0.110828E+00
  0.438057E+01  0.706709E+00  0.110415E+00
  0.438285E+01  0.840293E+00  0.110408E+00
  0.438514E+01  0.572729E+00  0.110703E+00
  0.438742E+01  0.386701E+00  0.110982E+00
  0.438971E+01  0.596082E+00  0.110819E+00
  0.439199E+01  0.505244E+00  0.110340E+00
  0.439427E+01  0.635464E+00  0.111117E+00
  0.439656E+01  0.554324E+00  0.111454E+00
  0.439884E+01  0.441916E+00  0.111289E+00
  0.440113E+01  0.554522E+00  0.110915E+00
  0.440341E+01  0.442707E+00  0.111246E+00
  0.440570E+01  0.495349E+00  0.111520E+00
  0.440798E+01  0.452405E+00  0.111682E+00
  0.441027E+01  0.542648E+00  0.111302E+00
  0.441255E+01  0.322976E+00  0.111392E+00
  0.441484E+01  0.473778E+00  0.111867E+00
  0.441712E+01  0.259252E+00  0.111783E+00
  0.441941E+01  0.594103E+00  0.111824E+00
  0.442169E+01  0.488027E+00  0.111441E+00
  0.442397E+01  0.465862E+00  0.112077E+00
  0.442626E+01  0.460716E+00  0.112393E+00
  0.442854E+01  0.608154E+00  0.112467E+00
  0.443083E+01  0.463883E+00  0.112353E+00
  0.443311E+01  0.617455E+00  0.112578E+00
  0.443540E+01  0.992876E+00  0.113044E+00
  0.443768E+01  0.843657E+00  0.112817E+00
  0.443997E+01  0.781714E+00  0.112325E+00
  0.444225E+01  0.314665E+00  0.112752E+00
  0.444454E+01  0.543637E+00  0.112880E+00
  0.444682E+01  0.669701E+00  0.113160E+00
  0.444910E+01  0.542450E+00  0.112948E+00
  0.445139E+01  0.752226E+00  0.112977E+00
  0.445367E+01  0.760538E+00  0.113443E+00
  0.445596E+01  0.646547E+00  0.113945E+00
  0.445824E+01  0.405304E+00  0.113183E+00
  0.446053E+01  0.583614E+00  0.112986E+00
  0.446281E+01  0.434791E+00  0.113509E+00
  0.446510E+01  0.313081E+00  0.113908E+00
  0.446738E+01  0.210370E+00  0.113803E+00
  0.446967E+01  0.403325E+00  0.113702E+00
  0.447195E+01  0.296260E+00  0.114137E+00
  0.447423E+01  0.519098E+00  0.114262E+00
  0.447652E+01  0.453196E+00  0.113821E+00
  0.447880E+01  0.747873E+00  0.114317E+00
  0.448109E+01  0.781120E+00  0.114551E+00
  0.448337E+01  0.788640E+00  0.114886E+00
  0.448566E+01  0.776964E+00  0.115114E+00
  0.448794E+01  0.680586E+00  0.114404E+00
  0.449023E+01  0.500297E+00  0.114278E+00
  0.449251E+01  0.544429E+00  0.115191E+00
  0.449480E+01  0.667920E+00  0.115238E+00
  0.449708E+01  0.526618E+00  0.115150E+00
  0.449936E+01  0.534732E+00  0.114946E+00
  0.450165E+01  0.573323E+00  0.115279E+00
  0.450393E+01  0.542846E+00  0.115687E+00
  0.450622E+01  0.906194E+00  0.115586E+00
  0.450850E+01  0.543637E+00  0.115500E+00
  0.451079E+01  0.463685E+00  0.115891E+00
  0.451307E+01  0.438947E+00  0.115897E+00
  0.451536E+01  0.489808E+00  0.115817E+00
  0.451764E+01  0.574906E+00  0.115832E+00
  0.451993E+01  0.441718E+00  0.116180E+00
  0.452221E+01  0.602612E+00  0.116485E+00
  0.452449E+01  0.478132E+00  0.116885E+00
  0.452678E+01  0.431625E+00  0.116622E+00
  0.452906E+01  0.336632E+00  0.116214E+00
  0.453135E+01  0.272709E+00  0.116586E+00
  0.453363E+01  0.586186E+00  0.116958E+00
  0.453592E+01  0.597467E+00  0.117109E+00
  0.453820E+01  0.481694E+00  0.117075E+00
  0.454049E+01  0.605383E+00  0.117145E+00
  0.454277E+01  0.646547E+00  0.117860E+00
  0.454506E+01  0.636454E+00  0.117584E+00
  0.454734E+01  0.619236E+00  0.117033E+00
  0.454963E+01  0.503067E+00  0.117770E+00
  0.455191E+01  0.662972E+00  0.117903E+00
  0.455419E+01  0.528795E+00  0.118211E+00
  0.455648E+01  0.345933E+00  0.118086E+00
  0.455876E+01  0.571740E+00  0.118026E+00
  0.456105E+01  0.704334E+00  0.118447E+00
  0.456333E+01  0.946566E+00  0.118845E+00
  0.456562E+01  0.726103E+00  0.118432E+00
  0.456790E+01  0.471205E+00  0.118908E+00
  0.457019E+01  0.518702E+00  0.118862E+00
  0.457247E+01  0.523847E+00  0.118839E+00
  0.457476E+01  0.660202E+00  0.119034E+00
  0.457704E+01  0.974471E+00  0.119179E+00
  0.457932E+01  0.864635E+00  0.119630E+00
  0.458161E+01  0.631110E+00  0.120012E+00
  0.458389E+01  0.705521E+00  0.119760E+00
  0.458618E+01  0.748466E+00  0.120065E+00
  0.458846E+01  0.522066E+00  0.119905E+00
  0.459075E+01  0.677024E+00  0.120075E+00
  0.459303E+01  0.660004E+00  0.120275E+00
  0.459532E+01  0.522462E+00  0.120911E+00
  0.459760E+01  0.444093E+00  0.120655E+00
  0.459989E+01  0.572333E+00  0.120499E+00
  0.460217E+01  0.508807E+00  0.120176E+00
  0.460445E+01  0.530972E+00  0.120618E+00
  0.460674E+01  0.326737E+00  0.120790E+00
  0.460902E+01  0.604987E+00  0.121570E+00
  0.461131E+01  0.585791E+00  0.121550E+00
  0.461359E+01  0.606966E+00  0.121567E+00
  0.461588E+01  0.733624E+00  0.121850E+00
  0.461816E+01  0.636256E+00  0.121822E+00
  0.462045E+01  0.945973E+00  0.122201E+00
  0.462273E+01  0.959628E+00  0.122279E+00
  0.462502E+01  0.501484E+00  0.122104E+00
  0.462730E+01  0.687908E+00  0.122475E+00
  0.462958E+01  0.633287E+00  0.122363E+00
  0.463187E+01  0.578468E+00  0.122380E+00
  0.463415E+01  0.598852E+00  0.123079E+00
  0.463644E+01  0.656244E+00  0.123267E+00
  0.463872E+01  0.549377E+00  0.123605E+00
  0.464101E+01  0.497526E+00  0.123438E+00
  0.464329E+01  0.375421E+00  0.123163E+00
  0.464558E+01  0.498912E+00  0.123534E+00
  0.464786E+01  0.477736E+00  0.123792E+00
  0.465015E+01  0.515931E+00  0.124270E+00
  0.465243E+01  0.645161E+00  0.124603E+00
  0.465471E+01  0.545616E+00  0.124647E+00
  0.465700E+01  0.439145E+00  0.124497E+00
  0.465928E+01  0.455571E+00  0.124514E+00
  0.466157E+01  0.533940E+00  0.124541E+00
  0.466385E+01  0.235306E+00  0.125249E+00
  0.466614E+01  0.307936E+00  0.124995E+00
  0.466842E+01  0.477340E+00  0.125586E+00
  0.467071E+01  0.475955E+00  0.125630E+00
  0.467299E+01  0.660598E+00  0.125583E+00
  0.467528E+01  0.718583E+00  0.126324E+00
  0.467756E+01  0.683752E+00  0.126194E+00
  0.467984E+01  0.565209E+00  0.126220E+00
  0.468213E+01  0.811597E+00  0.126597E+00
  0.468441E+01  0.485850E+00  0.126667E+00
  0.468670E+01  0.772017E+00  0.127153E+00
  0.468898E+01  0.889571E+00  0.127472E+00
  0.469127E+01  0.678013E+00  0.127157E+00
  0.469355E+01  0.625767E+00  0.127902E+00
  0.469584E+01  0.399367E+00  0.127455E+00
  0.469812E+01  0.677024E+00  0.127919E+00
  0.470041E+01  0.547595E+00  0.128067E+00
  0.470269E+01  0.276865E+00  0.128010E+00
  0.470498E+01  0.667920E+00  0.129092E+00
  0.470726E+01  0.672670E+00  0.128872E+00
  0.470954E+01  0.795171E+00  0.129162E+00
  0.471183E+01  0.496933E+00  0.129325E+00
  0.471411E+01  0.387097E+00  0.128967E+00
  0.471640E+01  0.644172E+00  0.129420E+00
  0.471868E+01  0.702751E+00  0.129511E+00
  0.472097E+01  0.845438E+00  0.130321E+00
  0.472325E+01  0.605779E+00  0.130469E+00
  0.472554E+01  0.746487E+00  0.130768E+00
  0.472782E+01  0.627944E+00  0.130490E+00
  0.473011E+01  0.656640E+00  0.131232E+00
  0.473239E+01  0.605581E+00  0.131099E+00
  0.473467E+01  0.344152E+00  0.131406E+00
  0.473696E+01  0.124085E+00  0.131370E+00
  0.473924E+01  0.384722E+00  0.132144E+00
  0.474153E+01  0.628735E+00  0.131685E+00
  0.474381E+01  0.643380E+00  0.132422E+00
  0.474610E+01  0.219869E+00  0.132604E+00
  0.474838E+01  0.358797E+00  0.132864E+00
  0.475067E+01  0.314467E+00  0.133430E+00
  0.475295E+01  0.546408E+00  0.134005E+00
  0.475524E+01  0.545221E+00  0.133518E+00
  0.475752E+01  0.569761E+00  0.133614E+00
  0.475980E+01  0.400950E+00  0.134232E+00
  0.476209E+01  0.191174E+00  0.134525E+00
  0.476437E+01  0.266970E+00  0.134514E+00
  0.476666E+01  0.438749E+00  0.135345E+00
  0.476894E+01  0.250742E+00  0.134806E+00
  0.477123E+01  0.373046E+00  0.135061E+00
  0.477351E+01  0.528201E+00  0.135617E+00
  0.477580E+01  0.666139E+00  0.136055E+00
  0.477808E+01  0.621215E+00  0.136582E+00
  0.478037E+01  0.536909E+00  0.136892E+00
  0.478265E+01  0.432812E+00  0.137429E+00
  0.478493E+01  0.708490E+00  0.137092E+00
  0.478722E+01  0.811993E+00  0.137564E+00
  0.478950E+01  0.570354E+00  0.137678E+00
  0.479179E+01  0.392836E+00  0.137899E+00
  0.479407E+01  0.683554E+00  0.138570E+00
  0.479636E+01  0.539481E+00  0.139144E+00
  0.479864E+01  0.325945E+00  0.139128E+00
  0.480093E+01  0.574114E+00  0.139324E+00
  0.480321E+01  0.431427E+00  0.140133E+00
  0.480550E+01  0.611518E+00  0.140418E+00
  0.480778E+01  0.481100E+00  0.141039E+00
  0.481006E+01  0.686721E+00  0.141116E+00
  0.481235E+01  0.805858E+00  0.141654E+00
  0.481463E+01  0.466060E+00  0.141357E+00
  0.481692E+01  0.482881E+00  0.142477E+00
  0.481920E+01  0.137344E+00  0.141834E+00
  0.482149E+01  0.128241E+00  0.142315E+00
  0.482377E+01  0.538492E+00  0.143065E+00
  0.482606E+01  0.572531E+00  0.143262E+00
  0.482834E+01  0.646349E+00  0.143380E+00
  0.483063E+01  0.621611E+00  0.144562E+00
  0.483291E+01  0.309123E+00  0.144581E+00
  0.483519E+01  0.466456E+00  0.144880E+00
  0.483748E+01  0.736196E+00  0.145768E+00
  0.483976E+01  0.737977E+00  0.146633E+00
  0.484205E+01  0.695033E+00  0.146476E+00
  0.484433E+01  0.772412E+00  0.147224E+00
  0.484662E+01  0.439739E+00  0.147251E+00
  0.484890E+01  0.470216E+00  0.147417E+00
  0.485119E+01  0.724520E+00  0.148545E+00
  0.485347E+01  0.647734E+00  0.148406E+00
  0.485576E+01  0.875124E+00  0.149230E+00
  0.485804E+01  0.631308E+00  0.149795E+00
  0.486033E+01  0.406491E+00  0.150485E+00
  0.486261E+01  0.224817E+00  0.150036E+00
  0.486489E+01  0.434989E+00  0.150898E+00
  0.486718E+01  0.435385E+00  0.151541E+00
  0.486946E+01  0.557095E+00  0.152131E+00
  0.487175E+01  0.632693E+00  0.153097E+00
  0.487403E+01  0.422521E+00  0.153400E+00
  0.487632E+01 -0.344350E-01  0.153184E+00
  0.487860E+01  0.346725E+00  0.154249E+00
  0.488089E+01  0.429646E+00  0.154586E+00
  0.488317E+01  0.244805E+00  0.155572E+00
  0.488546E+01  0.214130E+00  0.155403E+00
  0.488774E+01  0.419157E+00  0.156814E+00
  0.489002E+01  0.507026E+00  0.157397E+00
  0.489231E+01  0.498912E+00  0.158290E+00
  0.489459E+01  0.697012E+00  0.158683E+00
  0.489688E+01  0.644172E+00  0.159305E+00
  0.489916E+01  0.703345E+00  0.159947E+00
  0.490145E+01  0.669701E+00  0.160782E+00
  0.490373E+01  0.768652E+00  0.161373E+00
  0.490602E+01  0.842272E+00  0.162064E+00
  0.490830E+01  0.886008E+00  0.162755E+00
  0.491059E+01  0.503661E+00  0.162984E+00
  0.491287E+01  0.415199E+00  0.164136E+00
  0.491515E+01  0.331486E+00  0.165175E+00
  0.491744E+01  0.385909E+00  0.165853E+00
  0.491972E+01  0.189590E+00  0.166428E+00
  0.492201E+01  0.989511E-02  0.167442E+00
  0.492429E+01  0.200079E+00  0.168409E+00
  0.492658E+01  0.523649E+00  0.169682E+00
  0.492886E+01  0.599050E+00  0.170133E+00
  0.493115E+01  0.406491E+00  0.171846E+00
  0.493343E+01  0.528795E+00  0.172151E+00
  0.493572E+01  0.767861E+00  0.173374E+00
  0.493800E+01  0.404512E+00  0.174644E+00
  0.494028E+01  0.193548E+00  0.175150E+00
  0.494257E+01  0.855729E+00  0.177062E+00
  0.494485E+01  0.616465E+00  0.177634E+00
  0.494714E+01  0.389867E-01  0.178615E+00
  0.494942E+01  0.360974E+00  0.180079E+00
  0.495171E+01  0.545023E+00  0.181790E+00
  0.495399E+01  0.447061E+00  0.182895E+00
  0.495628E+01  0.538690E+00  0.184444E+00
----------D:\Calib_final\cal_033.dat-----------------------------
raw data file E:\data\Users2006\Stratos.0506\cal_033.mar2300                    
Sample:     carbonic anhydrase     c=5.053  mg/ml Code :                        
X33 MAR345 data take                                                            
Start: Thu May 18 18:12:09 2006End: 18:15:34                                    
Processed by MAR-PRIMUS: Thu May 18 18:15:50 2006                               
 Channels from 1  to         2485                                               
  Angular axis file saxis_20060511.dat                                          
 BeamCenter_X=    2196.400       BeamCenter_Y=    1137.900                      
 Datector response file none Mask file mask_20060511.msk                        
 Calibration channel            3                                               
 Scale factor   1000.00000000000       Offset    1000.00000000000               
----------D:\Calib_final\Avrag08.dat-----------------------------
 Average of: cal_032.da  cal_034.da                                             
cal_032.dat   Conc = .10E+01  Mult = .10E+01  N1 =    1  N2 = 2135  SCALE =  1  
cal_034.dat   Conc = .10E+01  Mult = .10E+01  N1 =    1  N2 = 2135  SCALE =  1  
