 19-May-2006       (cal_016.dat - 1.000 *Avrag04.dat) /  6.0250               
cal_016.dat   Conc = .60E+01  Mult = .10E+01  N1 =    1  N2 = 2135  SCALE =  1
 Avrag04.dat  Conc = .10E+01  Mult = .10E+01  N1 =    1  N2 = 2135  SCALE =  1
  0.810267E-01  0.901245E+02  0.175591E+02
  0.833113E-01  0.801162E+02  0.131957E+02
  0.855958E-01  0.868216E+02  0.113197E+02
  0.878804E-01  0.844315E+02  0.978953E+01
  0.901650E-01  0.940415E+02  0.895260E+01
  0.924495E-01  0.105029E+03  0.805936E+01
  0.947341E-01  0.101643E+03  0.710167E+01
  0.970186E-01  0.978589E+02  0.660223E+01
  0.993032E-01  0.877676E+02  0.614845E+01
  0.101588E+00  0.897759E+02  0.574854E+01
  0.103872E+00  0.944564E+02  0.534704E+01
  0.106157E+00  0.886805E+02  0.490638E+01
  0.108441E+00  0.988548E+02  0.469689E+01
  0.110726E+00  0.956349E+02  0.439713E+01
  0.113011E+00  0.917178E+02  0.413575E+01
  0.115295E+00  0.921328E+02  0.383929E+01
  0.117580E+00  0.920166E+02  0.369692E+01
  0.119864E+00  0.890622E+02  0.364136E+01
  0.122149E+00  0.842822E+02  0.323177E+01
  0.124433E+00  0.867054E+02  0.320251E+01
  0.126718E+00  0.973195E+02  0.299681E+01
  0.129002E+00  0.878888E+02  0.285973E+01
  0.131287E+00  0.815071E+02  0.279137E+01
  0.133572E+00  0.908349E+02  0.256757E+01
  0.135856E+00  0.943154E+02  0.256871E+01
  0.138141E+00  0.820050E+02  0.238118E+01
  0.140425E+00  0.801261E+02  0.234023E+01
  0.142710E+00  0.895386E+02  0.222199E+01
  0.144994E+00  0.841278E+02  0.211260E+01
  0.147279E+00  0.898423E+02  0.212552E+01
  0.149564E+00  0.863087E+02  0.195362E+01
  0.151848E+00  0.817593E+02  0.192631E+01
  0.154133E+00  0.836282E+02  0.182660E+01
  0.156417E+00  0.814589E+02  0.176962E+01
  0.158702E+00  0.822456E+02  0.175565E+01
  0.160986E+00  0.898091E+02  0.163934E+01
  0.163271E+00  0.877610E+02  0.162888E+01
  0.165555E+00  0.875037E+02  0.154646E+01
  0.167840E+00  0.879568E+02  0.152120E+01
  0.170125E+00  0.883784E+02  0.147262E+01
  0.172409E+00  0.849394E+02  0.138733E+01
  0.174694E+00  0.880033E+02  0.141174E+01
  0.176978E+00  0.835751E+02  0.133061E+01
  0.179263E+00  0.837394E+02  0.132405E+01
  0.181547E+00  0.860382E+02  0.126058E+01
  0.183832E+00  0.863004E+02  0.122532E+01
  0.186116E+00  0.838938E+02  0.122094E+01
  0.188401E+00  0.825178E+02  0.116128E+01
  0.190686E+00  0.839751E+02  0.115582E+01
  0.192970E+00  0.832813E+02  0.110332E+01
  0.195255E+00  0.842473E+02  0.108024E+01
  0.197539E+00  0.802888E+02  0.107140E+01
  0.199824E+00  0.822340E+02  0.102355E+01
  0.202108E+00  0.822672E+02  0.102905E+01
  0.204393E+00  0.827369E+02  0.978311E+00
  0.206677E+00  0.820830E+02  0.978659E+00
  0.208962E+00  0.815519E+02  0.950820E+00
  0.211247E+00  0.828979E+02  0.917536E+00
  0.213531E+00  0.841959E+02  0.923945E+00
  0.215816E+00  0.846108E+02  0.885365E+00
  0.218100E+00  0.860299E+02  0.876299E+00
  0.220385E+00  0.838606E+02  0.853848E+00
  0.222669E+00  0.828564E+02  0.837226E+00
  0.224954E+00  0.839320E+02  0.827273E+00
  0.227239E+00  0.845079E+02  0.804441E+00
  0.229523E+00  0.827419E+02  0.795409E+00
  0.231808E+00  0.809892E+02  0.775105E+00
  0.234092E+00  0.819602E+02  0.770152E+00
  0.236377E+00  0.808498E+02  0.751823E+00
  0.238661E+00  0.815071E+02  0.728303E+00
  0.240946E+00  0.829029E+02  0.738514E+00
  0.243230E+00  0.833842E+02  0.706962E+00
  0.245515E+00  0.815867E+02  0.708649E+00
  0.247800E+00  0.806108E+02  0.691167E+00
  0.250084E+00  0.808846E+02  0.672850E+00
  0.252369E+00  0.816813E+02  0.677382E+00
  0.254653E+00  0.816913E+02  0.659264E+00
  0.256938E+00  0.804365E+02  0.662251E+00
  0.259222E+00  0.802274E+02  0.634582E+00
  0.261507E+00  0.789859E+02  0.636828E+00
  0.263791E+00  0.806855E+02  0.625739E+00
  0.266076E+00  0.806456E+02  0.607326E+00
  0.268361E+00  0.805097E+02  0.617567E+00
  0.270645E+00  0.806586E+02  0.597299E+00
  0.272930E+00  0.794407E+02  0.592263E+00
  0.275214E+00  0.789384E+02  0.593200E+00
  0.277499E+00  0.788896E+02  0.572696E+00
  0.279783E+00  0.801824E+02  0.578217E+00
  0.282068E+00  0.789326E+02  0.558132E+00
  0.284353E+00  0.800739E+02  0.563313E+00
  0.286637E+00  0.797696E+02  0.546167E+00
  0.288922E+00  0.790068E+02  0.542907E+00
  0.291206E+00  0.786028E+02  0.542280E+00
  0.293491E+00  0.784012E+02  0.531537E+00
  0.295775E+00  0.790372E+02  0.529056E+00
  0.298060E+00  0.791930E+02  0.518648E+00
  0.300344E+00  0.792347E+02  0.515288E+00
  0.302629E+00  0.782297E+02  0.515570E+00
  0.304914E+00  0.790971E+02  0.506380E+00
  0.307198E+00  0.773552E+02  0.500318E+00
  0.309483E+00  0.783427E+02  0.491879E+00
  0.311767E+00  0.772996E+02  0.490896E+00
  0.314052E+00  0.768357E+02  0.487996E+00
  0.316336E+00  0.775119E+02  0.479695E+00
  0.318621E+00  0.785344E+02  0.481298E+00
  0.320905E+00  0.779924E+02  0.468221E+00
  0.323190E+00  0.774370E+02  0.474909E+00
  0.325475E+00  0.772445E+02  0.462117E+00
  0.327759E+00  0.774609E+02  0.459654E+00
  0.330044E+00  0.766637E+02  0.459895E+00
  0.332328E+00  0.773495E+02  0.454553E+00
  0.334613E+00  0.766684E+02  0.451818E+00
  0.336897E+00  0.771582E+02  0.440918E+00
  0.339182E+00  0.767129E+02  0.442750E+00
  0.341467E+00  0.769925E+02  0.441696E+00
  0.343751E+00  0.771232E+02  0.433101E+00
  0.346036E+00  0.762415E+02  0.435716E+00
  0.348320E+00  0.762460E+02  0.426846E+00
  0.350605E+00  0.756812E+02  0.425779E+00
  0.352889E+00  0.761363E+02  0.420137E+00
  0.355174E+00  0.753356E+02  0.417960E+00
  0.357458E+00  0.760986E+02  0.416907E+00
  0.359743E+00  0.752837E+02  0.411091E+00
  0.362028E+00  0.751286E+02  0.413551E+00
  0.364312E+00  0.749635E+02  0.406210E+00
  0.366597E+00  0.757643E+02  0.403703E+00
  0.368881E+00  0.749922E+02  0.403647E+00
  0.371166E+00  0.745359E+02  0.400176E+00
  0.373450E+00  0.740330E+02  0.397900E+00
  0.375735E+00  0.736330E+02  0.389911E+00
  0.378019E+00  0.734382E+02  0.392176E+00
  0.380304E+00  0.741587E+02  0.388063E+00
  0.382589E+00  0.742861E+02  0.387691E+00
  0.384873E+00  0.734247E+02  0.382426E+00
  0.387158E+00  0.735972E+02  0.381225E+00
  0.389442E+00  0.742671E+02  0.382708E+00
  0.391727E+00  0.735183E+02  0.375451E+00
  0.394011E+00  0.741032E+02  0.373871E+00
  0.396296E+00  0.735678E+02  0.374104E+00
  0.398580E+00  0.729837E+02  0.367847E+00
  0.400865E+00  0.728163E+02  0.373280E+00
  0.403150E+00  0.723260E+02  0.363128E+00
  0.405434E+00  0.723832E+02  0.365466E+00
  0.407719E+00  0.723363E+02  0.362459E+00
  0.410003E+00  0.718775E+02  0.359832E+00
  0.412288E+00  0.714614E+02  0.360002E+00
  0.414572E+00  0.711034E+02  0.351784E+00
  0.416857E+00  0.710941E+02  0.357690E+00
  0.419142E+00  0.708626E+02  0.350682E+00
  0.421426E+00  0.701366E+02  0.348627E+00
  0.423711E+00  0.712290E+02  0.349786E+00
  0.425995E+00  0.710490E+02  0.345032E+00
  0.428280E+00  0.708377E+02  0.347865E+00
  0.430564E+00  0.708943E+02  0.343204E+00
  0.432849E+00  0.704664E+02  0.339783E+00
  0.435133E+00  0.698637E+02  0.340954E+00
  0.437418E+00  0.697617E+02  0.336013E+00
  0.439703E+00  0.700724E+02  0.340585E+00
  0.441987E+00  0.697361E+02  0.331993E+00
  0.444272E+00  0.691784E+02  0.334482E+00
  0.446556E+00  0.692677E+02  0.330718E+00
  0.448841E+00  0.684068E+02  0.329862E+00
  0.451125E+00  0.684191E+02  0.327197E+00
  0.453410E+00  0.687457E+02  0.324677E+00
  0.455694E+00  0.686407E+02  0.327290E+00
  0.457979E+00  0.693485E+02  0.323888E+00
  0.460264E+00  0.687588E+02  0.323772E+00
  0.462548E+00  0.685037E+02  0.320228E+00
  0.464833E+00  0.677557E+02  0.318044E+00
  0.467117E+00  0.669637E+02  0.319800E+00
  0.469402E+00  0.676554E+02  0.314863E+00
  0.471686E+00  0.672641E+02  0.317132E+00
  0.473971E+00  0.674345E+02  0.313312E+00
  0.476256E+00  0.670697E+02  0.310098E+00
  0.478540E+00  0.660908E+02  0.313799E+00
  0.480825E+00  0.668593E+02  0.308334E+00
  0.483109E+00  0.674045E+02  0.310544E+00
  0.485394E+00  0.669310E+02  0.306331E+00
  0.487678E+00  0.661890E+02  0.306883E+00
  0.489963E+00  0.661306E+02  0.304760E+00
  0.492247E+00  0.659007E+02  0.300244E+00
  0.494532E+00  0.651238E+02  0.305247E+00
  0.496817E+00  0.649520E+02  0.298643E+00
  0.499101E+00  0.652010E+02  0.301031E+00
  0.501386E+00  0.653502E+02  0.299775E+00
  0.503670E+00  0.653333E+02  0.294627E+00
  0.505955E+00  0.651827E+02  0.299133E+00
  0.508239E+00  0.651431E+02  0.292110E+00
  0.510524E+00  0.646033E+02  0.294962E+00
  0.512808E+00  0.649359E+02  0.293760E+00
  0.515093E+00  0.640760E+02  0.291210E+00
  0.517378E+00  0.640373E+02  0.292185E+00
  0.519662E+00  0.641754E+02  0.286683E+00
  0.521947E+00  0.641627E+02  0.289444E+00
  0.524231E+00  0.638020E+02  0.285742E+00
  0.526516E+00  0.635246E+02  0.287170E+00
  0.528800E+00  0.632158E+02  0.285790E+00
  0.531085E+00  0.628885E+02  0.281462E+00
  0.533369E+00  0.626352E+02  0.283936E+00
  0.535654E+00  0.624302E+02  0.280984E+00
  0.537939E+00  0.628226E+02  0.282078E+00
  0.540223E+00  0.629109E+02  0.279385E+00
  0.542508E+00  0.620998E+02  0.277806E+00
  0.544792E+00  0.621965E+02  0.278618E+00
  0.547077E+00  0.619457E+02  0.275280E+00
  0.549361E+00  0.616666E+02  0.276584E+00
  0.551646E+00  0.614224E+02  0.274068E+00
  0.553931E+00  0.613696E+02  0.274298E+00
  0.556215E+00  0.607424E+02  0.273207E+00
  0.558500E+00  0.610095E+02  0.271783E+00
  0.560784E+00  0.616035E+02  0.271113E+00
  0.563069E+00  0.606971E+02  0.267847E+00
  0.565353E+00  0.600788E+02  0.269734E+00
  0.567638E+00  0.600325E+02  0.267512E+00
  0.569922E+00  0.599857E+02  0.266526E+00
  0.572207E+00  0.595268E+02  0.266890E+00
  0.574492E+00  0.590332E+02  0.263554E+00
  0.576776E+00  0.595094E+02  0.264911E+00
  0.579061E+00  0.593899E+02  0.263330E+00
  0.581345E+00  0.592251E+02  0.262514E+00
  0.583630E+00  0.590257E+02  0.261988E+00
  0.585914E+00  0.588516E+02  0.259749E+00
  0.588199E+00  0.584246E+02  0.260281E+00
  0.590483E+00  0.580292E+02  0.257760E+00
  0.592768E+00  0.574656E+02  0.257675E+00
  0.595053E+00  0.574717E+02  0.257415E+00
  0.597337E+00  0.577947E+02  0.254995E+00
  0.599622E+00  0.577173E+02  0.257725E+00
  0.601906E+00  0.573786E+02  0.252047E+00
  0.604191E+00  0.564813E+02  0.254154E+00
  0.606475E+00  0.570448E+02  0.251891E+00
  0.608760E+00  0.569739E+02  0.252104E+00
  0.611045E+00  0.576559E+02  0.252001E+00
  0.613329E+00  0.579608E+02  0.250093E+00
  0.615614E+00  0.570690E+02  0.250957E+00
  0.617898E+00  0.565632E+02  0.246655E+00
  0.620183E+00  0.560526E+02  0.249194E+00
  0.622467E+00  0.558105E+02  0.248670E+00
  0.624752E+00  0.553333E+02  0.245470E+00
  0.627036E+00  0.552855E+02  0.248034E+00
  0.629321E+00  0.558685E+02  0.242815E+00
  0.631606E+00  0.556229E+02  0.245616E+00
  0.633890E+00  0.553613E+02  0.243715E+00
  0.636175E+00  0.547064E+02  0.241301E+00
  0.638459E+00  0.547232E+02  0.243759E+00
  0.640744E+00  0.550115E+02  0.238844E+00
  0.643028E+00  0.550101E+02  0.242108E+00
  0.645313E+00  0.544830E+02  0.238929E+00
  0.647597E+00  0.539500E+02  0.238704E+00
  0.649882E+00  0.536669E+02  0.238673E+00
  0.652167E+00  0.539895E+02  0.236700E+00
  0.654451E+00  0.540375E+02  0.237759E+00
  0.656736E+00  0.534754E+02  0.235203E+00
  0.659020E+00  0.527480E+02  0.234244E+00
  0.661305E+00  0.531124E+02  0.236134E+00
  0.663589E+00  0.531180E+02  0.232379E+00
  0.665874E+00  0.526261E+02  0.235025E+00
  0.668159E+00  0.521447E+02  0.231039E+00
  0.670443E+00  0.522775E+02  0.232059E+00
  0.672728E+00  0.520573E+02  0.231044E+00
  0.675012E+00  0.523967E+02  0.229049E+00
  0.677297E+00  0.522657E+02  0.230525E+00
  0.679581E+00  0.517026E+02  0.227872E+00
  0.681866E+00  0.520437E+02  0.229015E+00
  0.684150E+00  0.515665E+02  0.227383E+00
  0.686435E+00  0.510792E+02  0.226111E+00
  0.688720E+00  0.505819E+02  0.227291E+00
  0.691004E+00  0.507726E+02  0.225074E+00
  0.693289E+00  0.510463E+02  0.225472E+00
  0.695573E+00  0.510755E+02  0.223036E+00
  0.697858E+00  0.502033E+02  0.224039E+00
  0.700142E+00  0.503333E+02  0.223340E+00
  0.702427E+00  0.501895E+02  0.222050E+00
  0.704711E+00  0.499547E+02  0.221030E+00
  0.706996E+00  0.495819E+02  0.221317E+00
  0.709281E+00  0.496385E+02  0.221921E+00
  0.711565E+00  0.489887E+02  0.219139E+00
  0.713850E+00  0.490588E+02  0.218745E+00
  0.716134E+00  0.485238E+02  0.218428E+00
  0.718419E+00  0.488023E+02  0.217458E+00
  0.720703E+00  0.481590E+02  0.218779E+00
  0.722988E+00  0.487198E+02  0.214958E+00
  0.725272E+00  0.486071E+02  0.217316E+00
  0.727557E+00  0.485466E+02  0.215034E+00
  0.729842E+00  0.479603E+02  0.214705E+00
  0.732126E+00  0.483205E+02  0.215053E+00
  0.734411E+00  0.482259E+02  0.211713E+00
  0.736695E+00  0.475927E+02  0.214333E+00
  0.738980E+00  0.473683E+02  0.212562E+00
  0.741264E+00  0.474880E+02  0.213009E+00
  0.743549E+00  0.468579E+02  0.211277E+00
  0.745834E+00  0.472086E+02  0.209182E+00
  0.748118E+00  0.467965E+02  0.211132E+00
  0.750403E+00  0.463721E+02  0.208459E+00
  0.752687E+00  0.463993E+02  0.208908E+00
  0.754972E+00  0.462671E+02  0.208949E+00
  0.757256E+00  0.457575E+02  0.206564E+00
  0.759541E+00  0.451944E+02  0.208172E+00
  0.761825E+00  0.451959E+02  0.205416E+00
  0.764110E+00  0.450556E+02  0.206548E+00
  0.766395E+00  0.453708E+02  0.205292E+00
  0.768679E+00  0.450946E+02  0.204922E+00
  0.770964E+00  0.447094E+02  0.203938E+00
  0.773248E+00  0.449328E+02  0.202543E+00
  0.775533E+00  0.446433E+02  0.204512E+00
  0.777817E+00  0.447029E+02  0.201939E+00
  0.780102E+00  0.442918E+02  0.202220E+00
  0.782386E+00  0.443469E+02  0.201995E+00
  0.784671E+00  0.439301E+02  0.200232E+00
  0.786956E+00  0.433658E+02  0.201620E+00
  0.789240E+00  0.431547E+02  0.198093E+00
  0.791525E+00  0.431159E+02  0.199478E+00
  0.793809E+00  0.433967E+02  0.199345E+00
  0.796094E+00  0.431411E+02  0.198474E+00
  0.798378E+00  0.426241E+02  0.198101E+00
  0.800663E+00  0.423235E+02  0.195586E+00
  0.802948E+00  0.419575E+02  0.196847E+00
  0.805232E+00  0.417673E+02  0.195445E+00
  0.807517E+00  0.419723E+02  0.196072E+00
  0.809801E+00  0.420551E+02  0.195643E+00
  0.812086E+00  0.416420E+02  0.193596E+00
  0.814370E+00  0.417036E+02  0.194662E+00
  0.816655E+00  0.420680E+02  0.193952E+00
  0.818939E+00  0.417900E+02  0.193222E+00
  0.821224E+00  0.415862E+02  0.192575E+00
  0.823509E+00  0.415545E+02  0.191850E+00
  0.825793E+00  0.412704E+02  0.192986E+00
  0.828078E+00  0.410870E+02  0.190100E+00
  0.830362E+00  0.406194E+02  0.191008E+00
  0.832647E+00  0.403243E+02  0.190205E+00
  0.834931E+00  0.400792E+02  0.189289E+00
  0.837216E+00  0.402744E+02  0.190072E+00
  0.839500E+00  0.402219E+02  0.188167E+00
  0.841785E+00  0.399172E+02  0.188448E+00
  0.844070E+00  0.395784E+02  0.186694E+00
  0.846354E+00  0.391129E+02  0.187828E+00
  0.848639E+00  0.391212E+02  0.186841E+00
  0.850923E+00  0.390370E+02  0.185929E+00
  0.853208E+00  0.389550E+02  0.186434E+00
  0.855492E+00  0.386785E+02  0.184809E+00
  0.857777E+00  0.383597E+02  0.184879E+00
  0.860061E+00  0.380830E+02  0.183263E+00
  0.862346E+00  0.378051E+02  0.183348E+00
  0.864631E+00  0.375879E+02  0.183837E+00
  0.866915E+00  0.381381E+02  0.181665E+00
  0.869200E+00  0.379852E+02  0.183184E+00
  0.871484E+00  0.374143E+02  0.181168E+00
  0.873769E+00  0.379412E+02  0.182253E+00
  0.876053E+00  0.374037E+02  0.181962E+00
  0.878338E+00  0.368755E+02  0.179295E+00
  0.880623E+00  0.368637E+02  0.181266E+00
  0.882907E+00  0.364843E+02  0.178434E+00
  0.885192E+00  0.367998E+02  0.179762E+00
  0.887476E+00  0.368672E+02  0.178737E+00
  0.889761E+00  0.365381E+02  0.178073E+00
  0.892045E+00  0.361949E+02  0.178753E+00
  0.894330E+00  0.360705E+02  0.176977E+00
  0.896614E+00  0.363537E+02  0.177198E+00
  0.898899E+00  0.359197E+02  0.176138E+00
  0.901184E+00  0.354579E+02  0.175936E+00
  0.903468E+00  0.354154E+02  0.176855E+00
  0.905753E+00  0.357037E+02  0.174608E+00
  0.908037E+00  0.356090E+02  0.175538E+00
  0.910322E+00  0.347032E+02  0.174285E+00
  0.912606E+00  0.347471E+02  0.174383E+00
  0.914891E+00  0.344602E+02  0.174183E+00
  0.917175E+00  0.344075E+02  0.173170E+00
  0.919460E+00  0.344382E+02  0.174075E+00
  0.921745E+00  0.338739E+02  0.172130E+00
  0.924029E+00  0.342800E+02  0.173800E+00
  0.926314E+00  0.335957E+02  0.172237E+00
  0.928598E+00  0.336232E+02  0.171349E+00
  0.930883E+00  0.337275E+02  0.172239E+00
  0.933167E+00  0.330543E+02  0.171271E+00
  0.935452E+00  0.331034E+02  0.170654E+00
  0.937737E+00  0.331190E+02  0.170313E+00
  0.940021E+00  0.331771E+02  0.170484E+00
  0.942306E+00  0.327592E+02  0.170344E+00
  0.944590E+00  0.326593E+02  0.168791E+00
  0.946875E+00  0.324943E+02  0.170368E+00
  0.949159E+00  0.324377E+02  0.168132E+00
  0.951444E+00  0.324913E+02  0.169534E+00
  0.953728E+00  0.321446E+02  0.168385E+00
  0.956013E+00  0.320241E+02  0.166990E+00
  0.958298E+00  0.317617E+02  0.168665E+00
  0.960582E+00  0.317769E+02  0.166746E+00
  0.962867E+00  0.313102E+02  0.167588E+00
  0.965151E+00  0.311228E+02  0.166174E+00
  0.967436E+00  0.311756E+02  0.166471E+00
  0.969720E+00  0.308627E+02  0.166130E+00
  0.972005E+00  0.306305E+02  0.165154E+00
  0.974289E+00  0.310478E+02  0.166426E+00
  0.976574E+00  0.308554E+02  0.164646E+00
  0.978859E+00  0.305703E+02  0.165443E+00
  0.981143E+00  0.303326E+02  0.164946E+00
  0.983428E+00  0.301416E+02  0.163407E+00
  0.985712E+00  0.297512E+02  0.164528E+00
  0.987997E+00  0.296538E+02  0.162972E+00
  0.990281E+00  0.296280E+02  0.164193E+00
  0.992566E+00  0.293476E+02  0.162579E+00
  0.994851E+00  0.296214E+02  0.162708E+00
  0.997135E+00  0.294148E+02  0.163048E+00
  0.999420E+00  0.291386E+02  0.162049E+00
  0.100170E+01  0.291691E+02  0.162432E+00
  0.100399E+01  0.287555E+02  0.161079E+00
  0.100627E+01  0.288861E+02  0.161413E+00
  0.100856E+01  0.286382E+02  0.160870E+00
  0.101084E+01  0.283087E+02  0.160470E+00
  0.101313E+01  0.282020E+02  0.160712E+00
  0.101541E+01  0.281711E+02  0.158965E+00
  0.101770E+01  0.276589E+02  0.159973E+00
  0.101998E+01  0.279293E+02  0.159765E+00
  0.102227E+01  0.276252E+02  0.158776E+00
  0.102455E+01  0.273720E+02  0.158585E+00
  0.102683E+01  0.275213E+02  0.158138E+00
  0.102912E+01  0.271218E+02  0.158586E+00
  0.103140E+01  0.271608E+02  0.157406E+00
  0.103369E+01  0.270853E+02  0.157996E+00
  0.103597E+01  0.267783E+02  0.158048E+00
  0.103826E+01  0.263773E+02  0.156265E+00
  0.104054E+01  0.266060E+02  0.157916E+00
  0.104283E+01  0.265168E+02  0.155850E+00
  0.104511E+01  0.258051E+02  0.156490E+00
  0.104740E+01  0.262153E+02  0.155744E+00
  0.104968E+01  0.261351E+02  0.155684E+00
  0.105196E+01  0.257442E+02  0.156292E+00
  0.105425E+01  0.255731E+02  0.154195E+00
  0.105653E+01  0.255107E+02  0.155334E+00
  0.105882E+01  0.255452E+02  0.154804E+00
  0.106110E+01  0.252073E+02  0.154238E+00
  0.106339E+01  0.251977E+02  0.154414E+00
  0.106567E+01  0.251409E+02  0.153507E+00
  0.106796E+01  0.249781E+02  0.154342E+00
  0.107024E+01  0.247227E+02  0.152320E+00
  0.107253E+01  0.249791E+02  0.153265E+00
  0.107481E+01  0.246536E+02  0.153214E+00
  0.107709E+01  0.243718E+02  0.152633E+00
  0.107938E+01  0.243701E+02  0.153017E+00
  0.108166E+01  0.242687E+02  0.150902E+00
  0.108395E+01  0.239899E+02  0.151950E+00
  0.108623E+01  0.240261E+02  0.151413E+00
  0.108852E+01  0.238676E+02  0.151191E+00
  0.109080E+01  0.242695E+02  0.152009E+00
  0.109309E+01  0.234765E+02  0.149974E+00
  0.109537E+01  0.235439E+02  0.150798E+00
  0.109766E+01  0.234037E+02  0.149686E+00
  0.109994E+01  0.228905E+02  0.149395E+00
  0.110222E+01  0.227041E+02  0.149770E+00
  0.110451E+01  0.226735E+02  0.148565E+00
  0.110679E+01  0.224485E+02  0.150267E+00
  0.110908E+01  0.224320E+02  0.147690E+00
  0.111136E+01  0.221029E+02  0.148723E+00
  0.111365E+01  0.220689E+02  0.148113E+00
  0.111593E+01  0.220649E+02  0.147610E+00
  0.111822E+01  0.223857E+02  0.148662E+00
  0.112050E+01  0.220961E+02  0.147156E+00
  0.112279E+01  0.218810E+02  0.147506E+00
  0.112507E+01  0.218544E+02  0.147083E+00
  0.112735E+01  0.216108E+02  0.147163E+00
  0.112964E+01  0.213494E+02  0.147233E+00
  0.113192E+01  0.215379E+02  0.146053E+00
  0.113421E+01  0.209992E+02  0.146753E+00
  0.113649E+01  0.212188E+02  0.145538E+00
  0.113878E+01  0.210435E+02  0.145583E+00
  0.114106E+01  0.209227E+02  0.145886E+00
  0.114335E+01  0.209995E+02  0.144830E+00
  0.114563E+01  0.206846E+02  0.145605E+00
  0.114792E+01  0.202860E+02  0.144355E+00
  0.115020E+01  0.201331E+02  0.144472E+00
  0.115249E+01  0.197471E+02  0.144115E+00
  0.115477E+01  0.200531E+02  0.144361E+00
  0.115705E+01  0.201927E+02  0.144090E+00
  0.115934E+01  0.202158E+02  0.143155E+00
  0.116162E+01  0.198649E+02  0.143793E+00
  0.116391E+01  0.197356E+02  0.142940E+00
  0.116619E+01  0.196961E+02  0.143472E+00
  0.116848E+01  0.193393E+02  0.142072E+00
  0.117076E+01  0.193565E+02  0.142665E+00
  0.117305E+01  0.194604E+02  0.143145E+00
  0.117533E+01  0.191663E+02  0.141932E+00
  0.117762E+01  0.190118E+02  0.142332E+00
  0.117990E+01  0.188025E+02  0.141393E+00
  0.118218E+01  0.189266E+02  0.141272E+00
  0.118447E+01  0.183283E+02  0.141578E+00
  0.118675E+01  0.182998E+02  0.140092E+00
  0.118904E+01  0.179567E+02  0.141036E+00
  0.119132E+01  0.179954E+02  0.139865E+00
  0.119361E+01  0.180407E+02  0.140223E+00
  0.119589E+01  0.178860E+02  0.140170E+00
  0.119818E+01  0.179376E+02  0.139145E+00
  0.120046E+01  0.180080E+02  0.140461E+00
  0.120275E+01  0.174631E+02  0.138770E+00
  0.120503E+01  0.174461E+02  0.139569E+00
  0.120731E+01  0.172110E+02  0.138669E+00
  0.120960E+01  0.172113E+02  0.138173E+00
  0.121188E+01  0.176964E+02  0.139203E+00
  0.121417E+01  0.171809E+02  0.138186E+00
  0.121645E+01  0.170715E+02  0.138523E+00
  0.121874E+01  0.169022E+02  0.137983E+00
  0.122102E+01  0.170438E+02  0.137511E+00
  0.122331E+01  0.163049E+02  0.137698E+00
  0.122559E+01  0.163656E+02  0.136585E+00
  0.122788E+01  0.167089E+02  0.138103E+00
  0.123016E+01  0.165067E+02  0.136375E+00
  0.123244E+01  0.163192E+02  0.136936E+00
  0.123473E+01  0.162058E+02  0.136419E+00
  0.123701E+01  0.160596E+02  0.135696E+00
  0.123930E+01  0.158815E+02  0.136636E+00
  0.124158E+01  0.159046E+02  0.135909E+00
  0.124387E+01  0.159975E+02  0.136185E+00
  0.124615E+01  0.156247E+02  0.135381E+00
  0.124844E+01  0.151530E+02  0.135325E+00
  0.125072E+01  0.154906E+02  0.135379E+00
  0.125301E+01  0.154310E+02  0.134687E+00
  0.125529E+01  0.152043E+02  0.135085E+00
  0.125757E+01  0.150486E+02  0.134061E+00
  0.125986E+01  0.152612E+02  0.134571E+00
  0.126214E+01  0.151089E+02  0.134862E+00
  0.126443E+01  0.147844E+02  0.133561E+00
  0.126671E+01  0.146501E+02  0.133895E+00
  0.126900E+01  0.146991E+02  0.133442E+00
  0.127128E+01  0.145540E+02  0.134088E+00
  0.127357E+01  0.144561E+02  0.133422E+00
  0.127585E+01  0.145233E+02  0.132928E+00
  0.127814E+01  0.140654E+02  0.132793E+00
  0.128042E+01  0.140606E+02  0.132248E+00
  0.128270E+01  0.139713E+02  0.133313E+00
  0.128499E+01  0.138041E+02  0.131787E+00
  0.128727E+01  0.137756E+02  0.132002E+00
  0.128956E+01  0.137210E+02  0.132443E+00
  0.129184E+01  0.137215E+02  0.131362E+00
  0.129413E+01  0.136511E+02  0.132206E+00
  0.129641E+01  0.137044E+02  0.131422E+00
  0.129870E+01  0.136397E+02  0.131388E+00
  0.130098E+01  0.135668E+02  0.131322E+00
  0.130327E+01  0.132529E+02  0.130543E+00
  0.130555E+01  0.128377E+02  0.131027E+00
  0.130784E+01  0.128720E+02  0.129708E+00
  0.131012E+01  0.127379E+02  0.130609E+00
  0.131240E+01  0.125691E+02  0.129932E+00
  0.131469E+01  0.123774E+02  0.129781E+00
  0.131697E+01  0.125431E+02  0.130240E+00
  0.131926E+01  0.127519E+02  0.129458E+00
  0.132154E+01  0.126704E+02  0.129998E+00
  0.132383E+01  0.124551E+02  0.128459E+00
  0.132611E+01  0.122944E+02  0.129573E+00
  0.132840E+01  0.117867E+02  0.128878E+00
  0.133068E+01  0.117159E+02  0.128423E+00
  0.133297E+01  0.116123E+02  0.128853E+00
  0.133525E+01  0.118113E+02  0.127754E+00
  0.133753E+01  0.117487E+02  0.128753E+00
  0.133982E+01  0.114898E+02  0.128189E+00
  0.134210E+01  0.113451E+02  0.127195E+00
  0.134439E+01  0.113245E+02  0.127794E+00
  0.134667E+01  0.113014E+02  0.127065E+00
  0.134896E+01  0.115109E+02  0.128133E+00
  0.135124E+01  0.114551E+02  0.126946E+00
  0.135353E+01  0.114938E+02  0.127016E+00
  0.135581E+01  0.110910E+02  0.127241E+00
  0.135810E+01  0.110707E+02  0.126806E+00
  0.136038E+01  0.111271E+02  0.126980E+00
  0.136266E+01  0.110344E+02  0.126030E+00
  0.136495E+01  0.109371E+02  0.126546E+00
  0.136723E+01  0.105993E+02  0.126360E+00
  0.136952E+01  0.107456E+02  0.125761E+00
  0.137180E+01  0.107778E+02  0.126535E+00
  0.137409E+01  0.107484E+02  0.125604E+00
  0.137637E+01  0.103006E+02  0.125419E+00
  0.137866E+01  0.102412E+02  0.125073E+00
  0.138094E+01  0.104179E+02  0.125093E+00
  0.138323E+01  0.104646E+02  0.125555E+00
  0.138551E+01  0.104730E+02  0.125000E+00
  0.138779E+01  0.104722E+02  0.125411E+00
  0.139008E+01  0.100257E+02  0.124180E+00
  0.139236E+01  0.999635E+01  0.124429E+00
  0.139465E+01  0.996199E+01  0.124401E+00
  0.139693E+01  0.959718E+01  0.124042E+00
  0.139922E+01  0.980249E+01  0.124247E+00
  0.140150E+01  0.956465E+01  0.123216E+00
  0.140379E+01  0.969743E+01  0.124088E+00
  0.140607E+01  0.940880E+01  0.123967E+00
  0.140836E+01  0.951170E+01  0.123426E+00
  0.141064E+01  0.930191E+01  0.123381E+00
  0.141292E+01  0.921046E+01  0.123018E+00
  0.141521E+01  0.916166E+01  0.123708E+00
  0.141749E+01  0.889427E+01  0.122557E+00
  0.141978E+01  0.900066E+01  0.123033E+00
  0.142206E+01  0.886274E+01  0.122851E+00
  0.142435E+01  0.877012E+01  0.121918E+00
  0.142663E+01  0.886008E+01  0.123372E+00
  0.142892E+01  0.861610E+01  0.121473E+00
  0.143120E+01  0.872299E+01  0.122585E+00
  0.143349E+01  0.863353E+01  0.121783E+00
  0.143577E+01  0.833095E+01  0.121611E+00
  0.143806E+01  0.813261E+01  0.122192E+00
  0.144034E+01  0.830141E+01  0.120387E+00
  0.144262E+01  0.843037E+01  0.121780E+00
  0.144491E+01  0.832199E+01  0.121295E+00
  0.144719E+01  0.832365E+01  0.120572E+00
  0.144948E+01  0.789726E+01  0.120989E+00
  0.145176E+01  0.773411E+01  0.120391E+00
  0.145405E+01  0.760415E+01  0.121173E+00
  0.145633E+01  0.750241E+01  0.120254E+00
  0.145862E+01  0.757461E+01  0.120267E+00
  0.146090E+01  0.789743E+01  0.120080E+00
  0.146319E+01  0.768846E+01  0.119545E+00
  0.146547E+01  0.767452E+01  0.120869E+00
  0.146775E+01  0.757046E+01  0.119400E+00
  0.147004E+01  0.720000E+01  0.119811E+00
  0.147232E+01  0.733079E+01  0.119837E+00
  0.147461E+01  0.730838E+01  0.119442E+00
  0.147689E+01  0.714639E+01  0.119404E+00
  0.147918E+01  0.732631E+01  0.118399E+00
  0.148146E+01  0.714440E+01  0.119631E+00
  0.148375E+01  0.697095E+01  0.118602E+00
  0.148603E+01  0.705178E+01  0.119278E+00
  0.148832E+01  0.708216E+01  0.118697E+00
  0.149060E+01  0.710224E+01  0.118341E+00
  0.149288E+01  0.670722E+01  0.118651E+00
  0.149517E+01  0.649759E+01  0.117844E+00
  0.149745E+01  0.646124E+01  0.117924E+00
  0.149974E+01  0.646573E+01  0.118236E+00
  0.150202E+01  0.629992E+01  0.117414E+00
  0.150431E+01  0.633510E+01  0.118502E+00
  0.150659E+01  0.645178E+01  0.116921E+00
  0.150888E+01  0.627635E+01  0.117884E+00
  0.151116E+01  0.635668E+01  0.116936E+00
  0.151345E+01  0.637295E+01  0.117629E+00
  0.151573E+01  0.619685E+01  0.117327E+00
  0.151801E+01  0.599253E+01  0.116647E+00
  0.152030E+01  0.621295E+01  0.117387E+00
  0.152258E+01  0.604929E+01  0.116555E+00
  0.152487E+01  0.616166E+01  0.117159E+00
  0.152715E+01  0.627950E+01  0.116890E+00
  0.152944E+01  0.618705E+01  0.116499E+00
  0.153172E+01  0.576730E+01  0.116472E+00
  0.153401E+01  0.559004E+01  0.115524E+00
  0.153629E+01  0.563718E+01  0.116151E+00
  0.153858E+01  0.570539E+01  0.116216E+00
  0.154086E+01  0.578174E+01  0.115904E+00
  0.154314E+01  0.561295E+01  0.116390E+00
  0.154543E+01  0.557444E+01  0.115191E+00
  0.154771E+01  0.550689E+01  0.115867E+00
  0.155000E+01  0.538772E+01  0.115241E+00
  0.155228E+01  0.523552E+01  0.116016E+00
  0.155457E+01  0.525394E+01  0.115492E+00
  0.155685E+01  0.517676E+01  0.114581E+00
  0.155914E+01  0.505212E+01  0.115264E+00
  0.156142E+01  0.515087E+01  0.114614E+00
  0.156371E+01  0.518340E+01  0.115004E+00
  0.156599E+01  0.484100E+01  0.114840E+00
  0.156827E+01  0.478141E+01  0.114187E+00
  0.157056E+01  0.494108E+01  0.114917E+00
  0.157284E+01  0.503519E+01  0.114382E+00
  0.157513E+01  0.485361E+01  0.114750E+00
  0.157741E+01  0.489693E+01  0.113834E+00
  0.157970E+01  0.473178E+01  0.114223E+00
  0.158198E+01  0.480365E+01  0.114339E+00
  0.158427E+01  0.474025E+01  0.113454E+00
  0.158655E+01  0.450888E+01  0.114546E+00
  0.158884E+01  0.446207E+01  0.112909E+00
  0.159112E+01  0.436929E+01  0.114070E+00
  0.159341E+01  0.407568E+01  0.113768E+00
  0.159569E+01  0.431452E+01  0.112793E+00
  0.159797E+01  0.456066E+01  0.113862E+00
  0.160026E+01  0.430490E+01  0.112752E+00
  0.160254E+01  0.451021E+01  0.113067E+00
  0.160483E+01  0.434921E+01  0.112824E+00
  0.160711E+01  0.437776E+01  0.112936E+00
  0.160940E+01  0.390108E+01  0.113081E+00
  0.161168E+01  0.402573E+01  0.112559E+00
  0.161397E+01  0.429710E+01  0.112845E+00
  0.161625E+01  0.405876E+01  0.112064E+00
  0.161854E+01  0.389328E+01  0.112395E+00
  0.162082E+01  0.370008E+01  0.112508E+00
  0.162310E+01  0.371635E+01  0.111847E+00
  0.162539E+01  0.372996E+01  0.112435E+00
  0.162767E+01  0.373909E+01  0.111989E+00
  0.162996E+01  0.382158E+01  0.112100E+00
  0.163224E+01  0.374705E+01  0.111841E+00
  0.163453E+01  0.344896E+01  0.111592E+00
  0.163681E+01  0.353145E+01  0.111860E+00
  0.163910E+01  0.369826E+01  0.111510E+00
  0.164138E+01  0.340714E+01  0.111600E+00
  0.164367E+01  0.346523E+01  0.111035E+00
  0.164595E+01  0.351950E+01  0.111356E+00
  0.164823E+01  0.347568E+01  0.111488E+00
  0.165052E+01  0.341660E+01  0.110651E+00
  0.165280E+01  0.344266E+01  0.111601E+00
  0.165509E+01  0.319071E+01  0.110153E+00
  0.165737E+01  0.323485E+01  0.111196E+00
  0.165966E+01  0.315900E+01  0.110899E+00
  0.166194E+01  0.306905E+01  0.110089E+00
  0.166423E+01  0.319021E+01  0.111263E+00
  0.166651E+01  0.333062E+01  0.110010E+00
  0.166880E+01  0.334705E+01  0.111223E+00
  0.167108E+01  0.326722E+01  0.109815E+00
  0.167336E+01  0.311834E+01  0.110078E+00
  0.167565E+01  0.306207E+01  0.110461E+00
  0.167793E+01  0.270905E+01  0.109750E+00
  0.168022E+01  0.290722E+01  0.110030E+00
  0.168250E+01  0.312564E+01  0.109326E+00
  0.168479E+01  0.316730E+01  0.110265E+00
  0.168707E+01  0.312282E+01  0.110061E+00
  0.168936E+01  0.328066E+01  0.109561E+00
  0.169164E+01  0.301892E+01  0.110094E+00
  0.169393E+01  0.298075E+01  0.108943E+00
  0.169621E+01  0.284929E+01  0.109760E+00
  0.169849E+01  0.287386E+01  0.109345E+00
  0.170078E+01  0.286606E+01  0.108941E+00
  0.170306E+01  0.274672E+01  0.109690E+00
  0.170535E+01  0.260465E+01  0.108825E+00
  0.170763E+01  0.252332E+01  0.109427E+00
  0.170992E+01  0.260332E+01  0.108522E+00
  0.171220E+01  0.261378E+01  0.108906E+00
  0.171449E+01  0.240266E+01  0.108966E+00
  0.171677E+01  0.250788E+01  0.108404E+00
  0.171906E+01  0.248531E+01  0.108584E+00
  0.172134E+01  0.272465E+01  0.108283E+00
  0.172362E+01  0.238257E+01  0.108630E+00
  0.172591E+01  0.223071E+01  0.108795E+00
  0.172819E+01  0.234573E+01  0.108208E+00
  0.173048E+01  0.210954E+01  0.108165E+00
  0.173276E+01  0.217743E+01  0.107807E+00
  0.173505E+01  0.212000E+01  0.108445E+00
  0.173733E+01  0.216199E+01  0.107690E+00
  0.173962E+01  0.233544E+01  0.108039E+00
  0.174190E+01  0.210772E+01  0.108132E+00
  0.174419E+01  0.212017E+01  0.107147E+00
  0.174647E+01  0.214340E+01  0.108400E+00
  0.174876E+01  0.202921E+01  0.107095E+00
  0.175104E+01  0.192714E+01  0.107691E+00
  0.175332E+01  0.188929E+01  0.107704E+00
  0.175561E+01  0.201178E+01  0.107396E+00
  0.175789E+01  0.202606E+01  0.107739E+00
  0.176018E+01  0.190589E+01  0.106509E+00
  0.176246E+01  0.183635E+01  0.107562E+00
  0.176475E+01  0.188846E+01  0.106891E+00
  0.176703E+01  0.208863E+01  0.107005E+00
  0.176932E+01  0.193278E+01  0.107452E+00
  0.177160E+01  0.167087E+01  0.106220E+00
  0.177389E+01  0.186871E+01  0.107583E+00
  0.177617E+01  0.169162E+01  0.106428E+00
  0.177845E+01  0.157909E+01  0.106790E+00
  0.178074E+01  0.157112E+01  0.107159E+00
  0.178302E+01  0.172050E+01  0.106538E+00
  0.178531E+01  0.170905E+01  0.106880E+00
  0.178759E+01  0.165477E+01  0.105647E+00
  0.178988E+01  0.161378E+01  0.106730E+00
  0.179216E+01  0.145361E+01  0.106095E+00
  0.179445E+01  0.164564E+01  0.106206E+00
  0.179673E+01  0.149809E+01  0.106722E+00
  0.179902E+01  0.173892E+01  0.105670E+00
  0.180130E+01  0.158008E+01  0.106510E+00
  0.180358E+01  0.147983E+01  0.105793E+00
  0.180587E+01  0.160415E+01  0.105728E+00
  0.180815E+01  0.178390E+01  0.106168E+00
  0.181044E+01  0.162357E+01  0.105958E+00
  0.181272E+01  0.133062E+01  0.106024E+00
  0.181501E+01  0.136149E+01  0.105206E+00
  0.181729E+01  0.158191E+01  0.105531E+00
  0.181958E+01  0.132846E+01  0.105814E+00
  0.182186E+01  0.122573E+01  0.105253E+00
  0.182415E+01  0.139884E+01  0.106277E+00
  0.182643E+01  0.148448E+01  0.104697E+00
  0.182871E+01  0.152033E+01  0.105641E+00
  0.183100E+01  0.170373E+01  0.105389E+00
  0.183328E+01  0.145776E+01  0.105433E+00
  0.183557E+01  0.128515E+01  0.105328E+00
  0.183785E+01  0.131552E+01  0.104899E+00
  0.184014E+01  0.131900E+01  0.105199E+00
  0.184242E+01  0.138921E+01  0.104822E+00
  0.184471E+01  0.142091E+01  0.104868E+00
  0.184699E+01  0.134158E+01  0.105138E+00
  0.184928E+01  0.141295E+01  0.104579E+00
  0.185156E+01  0.142556E+01  0.105512E+00
  0.185384E+01  0.119934E+01  0.104234E+00
  0.185613E+01  0.107618E+01  0.104514E+00
  0.185841E+01  0.102556E+01  0.104491E+00
  0.186070E+01  0.131535E+01  0.104514E+00
  0.186298E+01  0.905228E+00  0.104631E+00
  0.186527E+01  0.113361E+01  0.104150E+00
  0.186755E+01  0.118390E+01  0.104943E+00
  0.186984E+01  0.122506E+01  0.103906E+00
  0.187212E+01  0.101643E+01  0.104336E+00
  0.187441E+01  0.993195E+00  0.104071E+00
  0.187669E+01  0.108050E+01  0.103997E+00
  0.187898E+01  0.103436E+01  0.104561E+00
  0.188126E+01  0.938589E+00  0.103675E+00
  0.188354E+01  0.980083E+00  0.104191E+00
  0.188583E+01  0.925145E+00  0.103788E+00
  0.188811E+01  0.123851E+01  0.104104E+00
  0.189040E+01  0.101826E+01  0.104437E+00
  0.189268E+01  0.983734E+00  0.103077E+00
  0.189497E+01  0.958506E+00  0.104230E+00
  0.189725E+01  0.699751E+00  0.103239E+00
  0.189954E+01  0.944564E+00  0.103845E+00
  0.190182E+01  0.735768E+00  0.103743E+00
  0.190411E+01  0.104232E+01  0.103147E+00
  0.190639E+01  0.114656E+01  0.103973E+00
  0.190867E+01  0.902573E+00  0.103265E+00
  0.191096E+01  0.933112E+00  0.103566E+00
  0.191324E+01  0.808465E+00  0.103510E+00
  0.191553E+01  0.985560E+00  0.102608E+00
  0.191781E+01  0.847137E+00  0.104068E+00
  0.192010E+01  0.902905E+00  0.102591E+00
  0.192238E+01  0.781411E+00  0.103288E+00
  0.192467E+01  0.113162E+01  0.103072E+00
  0.192695E+01  0.933112E+00  0.102673E+00
  0.192924E+01  0.896100E+00  0.103364E+00
  0.193152E+01  0.830207E+00  0.102654E+00
  0.193380E+01  0.727303E+00  0.102938E+00
  0.193609E+01  0.609129E+00  0.102540E+00
  0.193837E+01  0.749212E+00  0.102923E+00
  0.194066E+01  0.757344E+00  0.103033E+00
  0.194294E+01  0.827054E+00  0.102380E+00
  0.194523E+01  0.638008E+00  0.103178E+00
  0.194751E+01  0.585892E+00  0.102173E+00
  0.194980E+01  0.649295E+00  0.102611E+00
  0.195208E+01  0.512365E+00  0.102727E+00
  0.195437E+01  0.649295E+00  0.102091E+00
  0.195665E+01  0.781577E+00  0.102457E+00
  0.195893E+01  0.673527E+00  0.102196E+00
  0.196122E+01  0.695934E+00  0.102487E+00
  0.196350E+01  0.595187E+00  0.101932E+00
  0.196579E+01  0.681826E+00  0.102262E+00
  0.196807E+01  0.859917E+00  0.102306E+00
  0.197036E+01  0.719668E+00  0.101569E+00
  0.197264E+01  0.662075E+00  0.102517E+00
  0.197493E+01  0.656432E+00  0.101803E+00
  0.197721E+01  0.810124E+00  0.102471E+00
  0.197950E+01  0.744730E+00  0.102076E+00
  0.198178E+01  0.877510E+00  0.101616E+00
  0.198406E+01  0.629378E+00  0.102655E+00
  0.198635E+01  0.662407E+00  0.101345E+00
  0.198863E+01  0.668548E+00  0.102240E+00
  0.199092E+01  0.655104E+00  0.101443E+00
  0.199320E+01  0.654772E+00  0.101495E+00
  0.199549E+01  0.523320E+00  0.101823E+00
  0.199777E+01  0.664232E+00  0.101613E+00
  0.200006E+01  0.598506E+00  0.101932E+00
  0.200234E+01  0.510373E+00  0.101106E+00
  0.200463E+01  0.680332E+00  0.101415E+00
  0.200691E+01  0.651784E+00  0.101850E+00
  0.200919E+01  0.659917E+00  0.100788E+00
  0.201148E+01  0.505726E+00  0.101690E+00
  0.201376E+01  0.589710E+00  0.100907E+00
  0.201605E+01  0.423402E+00  0.101595E+00
  0.201833E+01  0.460581E+00  0.101094E+00
  0.202062E+01  0.540415E+00  0.101224E+00
  0.202290E+01  0.527469E+00  0.101551E+00
  0.202519E+01  0.596183E+00  0.100964E+00
  0.202747E+01  0.493444E+00  0.101513E+00
  0.202976E+01  0.269710E+00  0.100695E+00
  0.203204E+01  0.479004E+00  0.100996E+00
  0.203433E+01  0.445311E+00  0.101288E+00
  0.203661E+01  0.397178E+00  0.100913E+00
  0.203889E+01  0.637842E+00  0.101120E+00
  0.204118E+01  0.689959E+00  0.100174E+00
  0.204346E+01  0.451950E+00  0.100840E+00
  0.204575E+01  0.541909E+00  0.101010E+00
  0.204803E+01  0.471369E+00  0.100172E+00
  0.205032E+01  0.429212E+00  0.100940E+00
  0.205260E+01  0.497095E+00  0.100182E+00
  0.205489E+01  0.735934E+00  0.101131E+00
  0.205717E+01  0.489295E+00  0.100312E+00
  0.205946E+01  0.509544E+00  0.100491E+00
  0.206174E+01  0.546058E+00  0.100657E+00
  0.206402E+01  0.353527E+00  0.999845E-01
  0.206631E+01  0.433195E+00  0.100665E+00
  0.206859E+01  0.422905E+00  0.999957E-01
  0.207088E+01  0.510041E+00  0.100471E+00
  0.207316E+01  0.355685E+00  0.100342E+00
  0.207545E+01  0.243817E+00  0.998851E-01
  0.207773E+01  0.290954E+00  0.100479E+00
  0.208002E+01  0.511701E+00  0.999871E-01
  0.208230E+01  0.367967E+00  0.100265E+00
  0.208459E+01  0.402324E+00  0.100233E+00
  0.208687E+01  0.393693E+00  0.999022E-01
  0.208915E+01  0.390373E+00  0.100112E+00
  0.209144E+01  0.495436E+00  0.100032E+00
  0.209372E+01  0.356680E+00  0.100595E+00
  0.209601E+01  0.270207E+00  0.994483E-01
  0.209829E+01  0.477676E+00  0.998788E-01
  0.210058E+01  0.449627E+00  0.100021E+00
  0.210286E+01  0.512697E+00  0.996752E-01
  0.210515E+01  0.527967E+00  0.100225E+00
  0.210743E+01  0.508714E+00  0.992017E-01
  0.210972E+01  0.313527E+00  0.999578E-01
  0.211200E+01  0.459585E+00  0.996133E-01
  0.211428E+01  0.216598E+00  0.994592E-01
  0.211657E+01  0.322490E+00  0.998962E-01
  0.211885E+01  0.363154E+00  0.988117E-01
  0.212114E+01  0.270373E+00  0.100181E+00
  0.212342E+01  0.324813E+00  0.992786E-01
  0.212571E+01  0.438340E+00  0.994298E-01
  0.212799E+01  0.602158E+00  0.998749E-01
  0.213028E+01  0.560000E+00  0.990863E-01
  0.213256E+01  0.554191E+00  0.100158E+00
  0.213485E+01  0.176598E+00  0.986985E-01
  0.213713E+01  0.497759E+00  0.995783E-01
  0.213941E+01  0.412448E+00  0.995323E-01
  0.214170E+01  0.402988E+00  0.988426E-01
  0.214398E+01  0.356515E+00  0.997041E-01
  0.214627E+01  0.408963E+00  0.985596E-01
  0.214855E+01  0.337759E+00  0.997562E-01
  0.215084E+01  0.439834E+00  0.989230E-01
  0.215312E+01  0.438672E+00  0.989097E-01
  0.215541E+01  0.347054E+00  0.991810E-01
  0.215769E+01  0.273195E+00  0.981049E-01
  0.215998E+01  0.426058E+00  0.994698E-01
  0.216226E+01  0.383071E+00  0.990715E-01
  0.216454E+01  0.481162E+00  0.985833E-01
  0.216683E+01  0.516846E+00  0.991196E-01
  0.216911E+01  0.570290E+00  0.987420E-01
  0.217140E+01  0.520664E+00  0.992996E-01
  0.217368E+01  0.529793E+00  0.985166E-01
  0.217597E+01  0.522988E+00  0.987512E-01
  0.217825E+01  0.436349E+00  0.989333E-01
  0.218054E+01  0.391701E+00  0.984745E-01
  0.218282E+01  0.565311E+00  0.987236E-01
  0.218511E+01  0.400996E+00  0.984908E-01
  0.218739E+01  0.161494E+00  0.985857E-01
  0.218968E+01  0.339087E+00  0.987874E-01
  0.219196E+01 -0.165975E-02  0.985386E-01
  0.219424E+01  0.901245E-01  0.986191E-01
  0.219653E+01  0.326141E+00  0.981225E-01
  0.219881E+01  0.347884E+00  0.988511E-01
  0.220110E+01  0.326141E+00  0.984573E-01
  0.220338E+01  0.374606E+00  0.984754E-01
  0.220567E+01  0.425892E+00  0.983356E-01
  0.220795E+01  0.316017E+00  0.982193E-01
  0.221024E+01  0.561660E+00  0.988631E-01
  0.221252E+01  0.411286E+00  0.977410E-01
  0.221481E+01  0.256100E+00  0.986598E-01
  0.221709E+01  0.303900E+00  0.982074E-01
  0.221937E+01  0.429544E+00  0.986835E-01
  0.222166E+01  0.556515E+00  0.983265E-01
  0.222394E+01  0.391867E+00  0.980240E-01
  0.222623E+01  0.401162E+00  0.984029E-01
  0.222851E+01  0.330124E+00  0.976402E-01
  0.223080E+01  0.421909E+00  0.982842E-01
  0.223308E+01  0.290622E+00  0.979751E-01
  0.223537E+01  0.280000E+00  0.976517E-01
  0.223765E+01  0.491784E+00  0.983291E-01
  0.223994E+01  0.462407E+00  0.976377E-01
  0.224222E+01  0.562158E+00  0.985233E-01
  0.224450E+01  0.509378E+00  0.979790E-01
  0.224679E+01  0.550041E+00  0.982006E-01
  0.224907E+01  0.480664E+00  0.980477E-01
  0.225136E+01  0.568299E+00  0.971332E-01
  0.225364E+01  0.440332E+00  0.982781E-01
  0.225593E+01  0.573444E+00  0.976323E-01
  0.225821E+01  0.506224E+00  0.981359E-01
  0.226050E+01  0.395187E+00  0.976638E-01
  0.226278E+01  0.371950E+00  0.972613E-01
  0.226507E+01  0.280498E+00  0.979244E-01
  0.226735E+01  0.593029E+00  0.970102E-01
  0.226963E+01  0.627718E+00  0.980785E-01
  0.227192E+01  0.380249E+00  0.975393E-01
  0.227420E+01  0.531618E+00  0.974546E-01
  0.227649E+01  0.522490E+00  0.981309E-01
  0.227877E+01  0.494274E+00  0.971096E-01
  0.228106E+01  0.555519E+00  0.976043E-01
  0.228334E+01  0.484149E+00  0.973353E-01
  0.228563E+01  0.340913E+00  0.974849E-01
  0.228791E+01  0.604979E+00  0.981009E-01
  0.229020E+01  0.514689E+00  0.968145E-01
  0.229248E+01  0.558672E+00  0.978410E-01
  0.229476E+01  0.729461E+00  0.971557E-01
  0.229705E+01  0.537427E+00  0.976427E-01
  0.229933E+01  0.684481E+00  0.975414E-01
  0.230162E+01  0.400996E+00  0.970603E-01
  0.230390E+01  0.497261E+00  0.981224E-01
  0.230619E+01  0.432365E+00  0.975180E-01
  0.230847E+01  0.280166E+00  0.981977E-01
  0.231076E+01  0.207469E+00  0.981875E-01
  0.231304E+01  0.196846E+00  0.980816E-01
  0.231533E+01  0.471203E+00  0.985422E-01
  0.231761E+01  0.617261E+00  0.982358E-01
  0.231989E+01  0.444481E+00  0.985107E-01
  0.232218E+01  0.555519E+00  0.979388E-01
  0.232446E+01  0.505228E+00  0.981037E-01
  0.232675E+01  0.489461E+00  0.987151E-01
  0.232903E+01  0.494108E+00  0.978975E-01
  0.233132E+01  0.513195E+00  0.988809E-01
  0.233360E+01  0.657759E+00  0.981458E-01
  0.233589E+01  0.389710E+00  0.983966E-01
  0.233817E+01  0.548382E+00  0.984517E-01
  0.234046E+01  0.614108E-01  0.978529E-01
  0.234274E+01  0.462573E+00  0.987817E-01
  0.234503E+01  0.690124E+00  0.982061E-01
  0.234731E+01  0.360166E+00  0.983408E-01
  0.234959E+01  0.485311E+00  0.984054E-01
  0.235188E+01  0.361992E+00  0.984909E-01
  0.235416E+01  0.312531E+00  0.986017E-01
  0.235645E+01  0.160498E+00  0.981643E-01
  0.235873E+01  0.228216E+00  0.984393E-01
  0.236102E+01  0.323651E+00  0.979868E-01
  0.236330E+01  0.469544E+00  0.986096E-01
  0.236559E+01  0.553029E+00  0.984567E-01
  0.236787E+01  0.373610E+00  0.977542E-01
  0.237016E+01  0.369295E+00  0.986072E-01
  0.237244E+01  0.343071E+00  0.975601E-01
  0.237472E+01  0.495934E+00  0.985997E-01
  0.237701E+01  0.307386E+00  0.979841E-01
  0.237929E+01  0.652116E+00  0.977767E-01
  0.238158E+01  0.762822E+00  0.983940E-01
  0.238386E+01  0.253278E+00  0.979262E-01
  0.238615E+01  0.387884E+00  0.984036E-01
  0.238843E+01  0.289461E+00  0.978221E-01
  0.239072E+01  0.460083E+00  0.982623E-01
  0.239300E+01  0.323154E+00  0.981636E-01
  0.239529E+01  0.410788E+00  0.977089E-01
  0.239757E+01  0.357510E+00  0.980700E-01
  0.239985E+01  0.508050E+00  0.975025E-01
  0.240214E+01  0.511535E+00  0.981934E-01
  0.240442E+01  0.528299E+00  0.980858E-01
  0.240671E+01  0.547552E+00  0.976291E-01
  0.240899E+01  0.403651E+00  0.979159E-01
  0.241128E+01  0.418755E+00  0.976139E-01
  0.241356E+01  0.507054E+00  0.980539E-01
  0.241585E+01  0.342573E+00  0.972672E-01
  0.241813E+01  0.490622E+00  0.976964E-01
  0.242042E+01  0.640498E+00  0.978131E-01
  0.242270E+01  0.701743E+00  0.976751E-01
  0.242498E+01  0.615602E+00  0.979579E-01
  0.242727E+01  0.320166E+00  0.970994E-01
  0.242955E+01  0.457925E+00  0.980406E-01
  0.243184E+01  0.539087E+00  0.976580E-01
  0.243412E+01  0.280830E+00  0.970800E-01
  0.243641E+01  0.696598E+00  0.972556E-01
  0.243869E+01  0.694772E+00  0.972744E-01
  0.244098E+01  0.503900E+00  0.977495E-01
  0.244326E+01  0.493278E+00  0.972396E-01
  0.244555E+01  0.351535E+00  0.971424E-01
  0.244783E+01  0.604647E+00  0.972664E-01
  0.245011E+01  0.498921E+00  0.968929E-01
  0.245240E+01  0.398340E+00  0.975177E-01
  0.245468E+01  0.302573E+00  0.967004E-01
  0.245697E+01  0.295270E+00  0.969543E-01
  0.245925E+01  0.477676E+00  0.971368E-01
  0.246154E+01  0.290456E+00  0.967927E-01
  0.246382E+01  0.602158E+00  0.973037E-01
  0.246611E+01  0.475851E+00  0.961457E-01
  0.246839E+01  0.624066E+00  0.973115E-01
  0.247068E+01  0.703237E+00  0.970091E-01
  0.247296E+01  0.554191E+00  0.966945E-01
  0.247525E+01  0.291452E+00  0.966013E-01
  0.247753E+01  0.447967E+00  0.961299E-01
  0.247981E+01  0.559336E+00  0.970803E-01
  0.248210E+01  0.688133E+00  0.963598E-01
  0.248438E+01  0.515519E+00  0.964511E-01
  0.248667E+01  0.325975E+00  0.964670E-01
  0.248895E+01  0.395519E+00  0.955505E-01
  0.249124E+01  0.532448E+00  0.966152E-01
  0.249352E+01  0.617261E+00  0.956212E-01
  0.249581E+01  0.586556E+00  0.960000E-01
  0.249809E+01  0.446473E+00  0.959331E-01
  0.250038E+01  0.433859E+00  0.954832E-01
  0.250266E+01  0.480000E+00  0.955197E-01
  0.250494E+01  0.617925E+00  0.947497E-01
  0.250723E+01  0.465892E+00  0.953312E-01
  0.250951E+01  0.388382E+00  0.948622E-01
  0.251180E+01  0.348714E+00  0.951130E-01
  0.251408E+01  0.231203E+00  0.950287E-01
  0.251637E+01  0.345726E+00  0.945655E-01
  0.251865E+01  0.554191E+00  0.954409E-01
  0.252094E+01  0.574440E+00  0.945867E-01
  0.252322E+01  0.722656E+00  0.947188E-01
  0.252551E+01  0.665892E+00  0.953489E-01
  0.252779E+01  0.690622E+00  0.948167E-01
  0.253007E+01  0.667552E+00  0.952491E-01
  0.253236E+01  0.725975E+00  0.943088E-01
  0.253464E+01  0.617261E+00  0.949632E-01
  0.253693E+01  0.843983E+00  0.948045E-01
  0.253921E+01  0.798672E+00  0.950078E-01
  0.254150E+01  0.712697E+00  0.947049E-01
  0.254378E+01  0.555519E+00  0.943697E-01
  0.254607E+01  0.485311E+00  0.948723E-01
  0.254835E+01  0.504066E+00  0.945817E-01
  0.255064E+01  0.515021E+00  0.947496E-01
  0.255292E+01  0.560000E+00  0.947490E-01
  0.255520E+01  0.432531E+00  0.942020E-01
  0.255749E+01  0.604813E+00  0.953006E-01
  0.255977E+01  0.726639E+00  0.942729E-01
  0.256206E+01  0.874689E+00  0.945002E-01
  0.256434E+01  0.674357E+00  0.946081E-01
  0.256663E+01  0.536266E+00  0.944709E-01
  0.256891E+01  0.668880E+00  0.949579E-01
  0.257120E+01  0.599170E+00  0.939888E-01
  0.257348E+01  0.571286E+00  0.946464E-01
  0.257577E+01  0.446307E+00  0.942619E-01
  0.257805E+01  0.648963E+00  0.946909E-01
  0.258033E+01  0.534772E+00  0.945086E-01
  0.258262E+01  0.495602E+00  0.937967E-01
  0.258490E+01  0.502905E+00  0.949383E-01
  0.258719E+01  0.591701E+00  0.941774E-01
  0.258947E+01  0.448465E+00  0.942784E-01
  0.259176E+01  0.771784E+00  0.943670E-01
  0.259404E+01  0.402324E+00  0.940513E-01
  0.259633E+01  0.555353E+00  0.946427E-01
  0.259861E+01  0.596846E+00  0.938375E-01
  0.260090E+01  0.439668E+00  0.942270E-01
  0.260318E+01  0.525975E+00  0.939438E-01
  0.260546E+01  0.615934E+00  0.940830E-01
  0.260775E+01  0.704066E+00  0.944403E-01
  0.261003E+01  0.666722E+00  0.937743E-01
  0.261232E+01  0.681328E+00  0.947001E-01
  0.261460E+01  0.768465E+00  0.939369E-01
  0.261689E+01  0.673859E+00  0.942568E-01
  0.261917E+01  0.670373E+00  0.938370E-01
  0.262146E+01  0.726473E+00  0.938783E-01
  0.262374E+01  0.777593E+00  0.944754E-01
  0.262603E+01  0.512531E+00  0.937713E-01
  0.262831E+01  0.869212E+00  0.939994E-01
  0.263060E+01  0.744730E+00  0.937694E-01
  0.263288E+01  0.424398E+00  0.939134E-01
  0.263516E+01  0.462241E+00  0.943814E-01
  0.263745E+01  0.442490E+00  0.935405E-01
  0.263973E+01  0.549876E+00  0.937588E-01
  0.264202E+01  0.550871E+00  0.936870E-01
  0.264430E+01  0.466224E+00  0.938168E-01
  0.264659E+01  0.722656E+00  0.940684E-01
  0.264887E+01  0.754523E+00  0.937555E-01
  0.265116E+01  0.635021E+00  0.938030E-01
  0.265344E+01  0.597012E+00  0.933805E-01
  0.265573E+01  0.650954E+00  0.941675E-01
  0.265801E+01  0.571784E+00  0.937452E-01
  0.266029E+01  0.600498E+00  0.934869E-01
  0.266258E+01  0.719668E+00  0.938542E-01
  0.266486E+01  0.687635E+00  0.936099E-01
  0.266715E+01  0.642324E+00  0.939876E-01
  0.266943E+01  0.496763E+00  0.931772E-01
  0.267172E+01  0.736266E+00  0.937194E-01
  0.267400E+01  0.480000E+00  0.935332E-01
  0.267629E+01  0.429378E+00  0.930088E-01
  0.267857E+01  0.590539E+00  0.936530E-01
  0.268086E+01  0.479668E+00  0.931129E-01
  0.268314E+01  0.298589E+00  0.937958E-01
  0.268542E+01  0.596680E+00  0.936837E-01
  0.268771E+01  0.687303E+00  0.932281E-01
  0.268999E+01  0.629212E+00  0.935889E-01
  0.269228E+01  0.723485E+00  0.926150E-01
  0.269456E+01  0.710207E+00  0.941048E-01
  0.269685E+01  0.713029E+00  0.931637E-01
  0.269913E+01  0.403320E+00  0.931772E-01
  0.270142E+01  0.521992E+00  0.935736E-01
  0.270370E+01  0.600664E+00  0.926771E-01
  0.270599E+01  0.518008E+00  0.937700E-01
  0.270827E+01  0.709876E+00  0.927213E-01
  0.271055E+01  0.909710E+00  0.936343E-01
  0.271284E+01  0.679668E+00  0.935404E-01
  0.271512E+01  0.683320E+00  0.930483E-01
  0.271741E+01  0.671203E+00  0.937424E-01
  0.271969E+01  0.730788E+00  0.928703E-01
  0.272198E+01  0.831867E+00  0.936811E-01
  0.272426E+01  0.452116E+00  0.935096E-01
  0.272655E+01  0.488631E+00  0.926591E-01
  0.272883E+01  0.324481E+00  0.933224E-01
  0.273112E+01  0.587220E+00  0.925615E-01
  0.273340E+01  0.476183E+00  0.932048E-01
  0.273568E+01  0.715021E+00  0.929604E-01
  0.273797E+01  0.685477E+00  0.928622E-01
  0.274025E+01  0.643154E+00  0.934377E-01
  0.274254E+01  0.750871E+00  0.928327E-01
  0.274482E+01  0.766971E+00  0.934492E-01
  0.274711E+01  0.579419E+00  0.924956E-01
  0.274939E+01  0.581079E+00  0.929497E-01
  0.275168E+01  0.464398E+00  0.931361E-01
  0.275396E+01  0.651286E+00  0.929519E-01
  0.275625E+01  0.503237E+00  0.933051E-01
  0.275853E+01  0.335768E+00  0.922549E-01
  0.276081E+01  0.620913E+00  0.929929E-01
  0.276310E+01  0.494938E+00  0.928799E-01
  0.276538E+01  0.415768E+00  0.926545E-01
  0.276767E+01  0.517012E+00  0.929351E-01
  0.276995E+01  0.378257E+00  0.927622E-01
  0.277224E+01  0.300249E+00  0.929439E-01
  0.277452E+01  0.800664E+00  0.925651E-01
  0.277681E+01  0.859087E+00  0.927289E-01
  0.277909E+01  0.787386E+00  0.929281E-01
  0.278138E+01  0.567469E+00  0.927068E-01
  0.278366E+01  0.875685E+00  0.929411E-01
  0.278595E+01  0.563485E+00  0.921281E-01
  0.278823E+01  0.392033E+00  0.927843E-01
  0.279051E+01  0.377261E+00  0.926651E-01
  0.279280E+01  0.559336E+00  0.925337E-01
  0.279508E+01  0.636680E+00  0.927695E-01
  0.279737E+01  0.548880E+00  0.923700E-01
  0.279965E+01  0.546888E+00  0.929563E-01
  0.280194E+01  0.426058E+00  0.923013E-01
  0.280422E+01  0.403983E+00  0.924324E-01
  0.280651E+01  0.665394E+00  0.927372E-01
  0.280879E+01  0.691286E+00  0.925142E-01
  0.281108E+01  0.584730E+00  0.931717E-01
  0.281336E+01  0.679336E+00  0.919575E-01
  0.281564E+01  0.798672E+00  0.927517E-01
  0.281793E+01  0.560830E+00  0.925167E-01
  0.282021E+01  0.608299E+00  0.924336E-01
  0.282250E+01  0.721328E+00  0.927317E-01
  0.282478E+01  0.523817E+00  0.917971E-01
  0.282707E+01  0.626888E+00  0.927200E-01
  0.282935E+01  0.478008E+00  0.921330E-01
  0.283164E+01  0.516349E+00  0.924075E-01
  0.283392E+01  0.734274E+00  0.923835E-01
  0.283621E+01  0.513361E+00  0.920284E-01
  0.283849E+01  0.552863E+00  0.930562E-01
  0.284077E+01  0.661079E+00  0.915662E-01
  0.284306E+01  0.575768E+00  0.920492E-01
  0.284534E+01  0.627220E+00  0.920842E-01
  0.284763E+01  0.492780E+00  0.920718E-01
  0.284991E+01  0.728963E+00  0.929514E-01
  0.285220E+01  0.750539E+00  0.916762E-01
  0.285448E+01  0.553361E+00  0.922963E-01
  0.285677E+01  0.459087E+00  0.921839E-01
  0.285905E+01  0.610124E+00  0.923575E-01
  0.286134E+01  0.552863E+00  0.923004E-01
  0.286362E+01  0.533776E+00  0.918644E-01
  0.286590E+01  0.504896E+00  0.924180E-01
  0.286819E+01  0.603651E+00  0.921029E-01
  0.287047E+01  0.353361E+00  0.920776E-01
  0.287276E+01  0.574938E+00  0.922383E-01
  0.287504E+01  0.597842E+00  0.917595E-01
  0.287733E+01  0.643320E+00  0.926054E-01
  0.287961E+01  0.548714E+00  0.916844E-01
  0.288190E+01  0.381411E+00  0.920022E-01
  0.288418E+01  0.424066E+00  0.920996E-01
  0.288647E+01  0.518838E+00  0.918786E-01
  0.288875E+01  0.534440E+00  0.922258E-01
  0.289103E+01  0.602490E+00  0.916500E-01
  0.289332E+01  0.568299E+00  0.919286E-01
  0.289560E+01  0.573610E+00  0.917833E-01
  0.289789E+01  0.390207E+00  0.919021E-01
  0.290017E+01  0.538257E+00  0.918414E-01
  0.290246E+01  0.655436E+00  0.916451E-01
  0.290474E+01  0.682324E+00  0.923796E-01
  0.290703E+01  0.599668E+00  0.919036E-01
  0.290931E+01  0.568465E+00  0.921692E-01
  0.291160E+01  0.563983E+00  0.919090E-01
  0.291388E+01  0.662573E+00  0.917209E-01
  0.291617E+01  0.608133E+00  0.921856E-01
  0.291845E+01  0.504398E+00  0.913793E-01
  0.292073E+01  0.434689E+00  0.920174E-01
  0.292302E+01  0.411618E+00  0.915912E-01
  0.292530E+01  0.438838E+00  0.918161E-01
  0.292759E+01  0.451950E+00  0.921231E-01
  0.292987E+01  0.204647E+00  0.912783E-01
  0.293216E+01  0.537925E+00  0.920097E-01
  0.293444E+01  0.564979E+00  0.915488E-01
  0.293673E+01  0.628714E+00  0.923347E-01
  0.293901E+01  0.438838E+00  0.916818E-01
  0.294130E+01  0.439668E+00  0.914004E-01
  0.294358E+01  0.423071E+00  0.921083E-01
  0.294586E+01  0.533444E+00  0.913016E-01
  0.294815E+01  0.616266E+00  0.920713E-01
  0.295043E+01  0.495602E+00  0.914789E-01
  0.295272E+01  0.474025E+00  0.915381E-01
  0.295500E+01  0.430871E+00  0.919766E-01
  0.295729E+01  0.500747E+00  0.912793E-01
  0.295957E+01  0.324481E+00  0.917638E-01
  0.296186E+01  0.378257E+00  0.912163E-01
  0.296414E+01  0.398340E+00  0.916453E-01
  0.296643E+01  0.284647E+00  0.918051E-01
  0.296871E+01  0.388216E+00  0.909443E-01
  0.297099E+01  0.269046E+00  0.919686E-01
  0.297328E+01  0.504896E+00  0.910962E-01
  0.297556E+01  0.625892E+00  0.919953E-01
  0.297785E+01  0.570954E+00  0.917876E-01
  0.298013E+01  0.457095E+00  0.911634E-01
  0.298242E+01  0.372116E+00  0.917992E-01
  0.298470E+01  0.732614E+00  0.913754E-01
  0.298699E+01  0.527967E+00  0.917343E-01
  0.298927E+01  0.573942E+00  0.913297E-01
  0.299156E+01  0.583237E+00  0.914277E-01
  0.299384E+01  0.690954E+00  0.918392E-01
  0.299612E+01  0.455602E+00  0.913552E-01
  0.299841E+01  0.566805E+00  0.914942E-01
  0.300069E+01  0.531950E+00  0.912692E-01
  0.300298E+01  0.581909E+00  0.917175E-01
  0.300526E+01  0.409295E+00  0.916393E-01
  0.300755E+01  0.328797E+00  0.910646E-01
  0.300983E+01  0.638008E+00  0.915445E-01
  0.301212E+01  0.421743E+00  0.911143E-01
  0.301440E+01  0.428382E+00  0.917334E-01
  0.301669E+01  0.437012E+00  0.912511E-01
  0.301897E+01  0.406473E+00  0.913585E-01
  0.302125E+01  0.383071E+00  0.916635E-01
  0.302354E+01  0.466058E+00  0.910766E-01
  0.302582E+01  0.559170E+00  0.915740E-01
  0.302811E+01  0.617593E+00  0.906751E-01
  0.303039E+01  0.661079E+00  0.914077E-01
  0.303268E+01  0.746224E+00  0.916637E-01
  0.303496E+01  0.630539E+00  0.911596E-01
  0.303725E+01  0.327967E+00  0.915544E-01
  0.303953E+01  0.295436E+00  0.906956E-01
  0.304182E+01  0.358174E+00  0.915191E-01
  0.304410E+01  0.364315E+00  0.914467E-01
  0.304638E+01  0.423402E+00  0.910446E-01
  0.304867E+01  0.192365E+00  0.915396E-01
  0.305095E+01  0.296266E+00  0.908749E-01
  0.305324E+01  0.475685E+00  0.916611E-01
  0.305552E+01  0.399834E+00  0.909318E-01
  0.305781E+01  0.375602E+00  0.912268E-01
  0.306009E+01  0.500249E+00  0.915238E-01
  0.306238E+01  0.189876E+00  0.909679E-01
  0.306466E+01  0.412282E+00  0.913151E-01
  0.306695E+01  0.426224E+00  0.907739E-01
  0.306923E+01  0.620415E+00  0.912105E-01
  0.307152E+01  0.679668E+00  0.916505E-01
  0.307380E+01  0.563154E+00  0.910505E-01
  0.307608E+01  0.134772E+00  0.913781E-01
  0.307837E+01  0.408797E+00  0.905878E-01
  0.308065E+01  0.402158E+00  0.915740E-01
  0.308294E+01  0.609461E+00  0.909042E-01
  0.308522E+01  0.654606E+00  0.910622E-01
  0.308751E+01  0.477178E+00  0.913778E-01
  0.308979E+01  0.437344E+00  0.908657E-01
  0.309208E+01  0.552697E+00  0.916775E-01
  0.309436E+01  0.560996E+00  0.907685E-01
  0.309665E+01  0.460249E+00  0.911256E-01
  0.309893E+01  0.464896E+00  0.913258E-01
  0.310121E+01  0.313859E+00  0.908401E-01
  0.310350E+01  0.380415E+00  0.912557E-01
  0.310578E+01  0.377593E+00  0.906683E-01
  0.310807E+01  0.546390E+00  0.912211E-01
  0.311035E+01  0.662075E+00  0.912790E-01
  0.311264E+01  0.718506E+00  0.909738E-01
  0.311492E+01  0.673859E-01  0.909161E-01
  0.311721E+01  0.112531E+00  0.906343E-01
  0.311949E+01  0.258091E+00  0.916266E-01
  0.312178E+01  0.519502E+00  0.906779E-01
  0.312406E+01  0.409129E+00  0.909387E-01
  0.312634E+01  0.278008E+00  0.910686E-01
  0.312863E+01  0.409959E+00  0.907378E-01
  0.313091E+01  0.370622E+00  0.914257E-01
  0.313320E+01  0.416432E+00  0.906948E-01
  0.313548E+01  0.147552E+00  0.909385E-01
  0.313777E+01  0.442490E+00  0.910097E-01
  0.314005E+01  0.698091E+00  0.909176E-01
  0.314234E+01  0.607967E+00  0.915485E-01
  0.314462E+01  0.569461E+00  0.904886E-01
  0.314691E+01  0.440332E+00  0.913056E-01
  0.314919E+01  0.398340E+00  0.907312E-01
  0.315147E+01  0.367469E+00  0.908624E-01
  0.315376E+01  0.447303E+00  0.909025E-01
  0.315604E+01  0.335768E+00  0.903811E-01
  0.315833E+01  0.486971E+00  0.915713E-01
  0.316061E+01  0.504896E+00  0.906413E-01
  0.316290E+01  0.511203E+00  0.912118E-01
  0.316518E+01  0.345228E+00  0.911061E-01
  0.316747E+01  0.315021E+00  0.906409E-01
  0.316975E+01  0.277676E+00  0.912727E-01
  0.317204E+01  0.454274E+00  0.901964E-01
  0.317432E+01  0.342075E+00  0.911831E-01
  0.317660E+01  0.345560E+00  0.910365E-01
  0.317889E+01  0.369793E+00  0.908400E-01
  0.318117E+01  0.304564E+00  0.909145E-01
  0.318346E+01  0.422407E+00  0.903393E-01
  0.318574E+01  0.220249E+00  0.911279E-01
  0.318803E+01  0.245975E+00  0.907992E-01
  0.319031E+01  0.534440E-01  0.907867E-01
  0.319260E+01  0.106390E+00  0.908010E-01
  0.319488E+01  0.217261E+00  0.903832E-01
  0.319717E+01  0.183237E+00  0.909970E-01
  0.319945E+01  0.738589E-01  0.904085E-01
  0.320173E+01  0.393693E+00  0.909378E-01
  0.320402E+01  0.409129E+00  0.910447E-01
  0.320630E+01  0.447137E+00  0.906360E-01
  0.320859E+01  0.516515E+00  0.912294E-01
  0.321087E+01  0.317676E+00  0.904503E-01
  0.321316E+01  0.321494E+00  0.909492E-01
  0.321544E+01  0.243983E+00  0.906980E-01
  0.321773E+01  0.368963E+00  0.909195E-01
  0.322001E+01  0.276846E+00  0.907419E-01
  0.322230E+01  0.214772E+00  0.902763E-01
  0.322458E+01  0.255934E+00  0.909830E-01
  0.322687E+01  0.317676E+00  0.906566E-01
  0.322915E+01  0.395851E+00  0.910420E-01
  0.323143E+01  0.458921E+00  0.906741E-01
  0.323372E+01  0.383900E+00  0.906605E-01
  0.323600E+01  0.310871E+00  0.911829E-01
  0.323829E+01  0.232863E+00  0.901261E-01
  0.324057E+01  0.227552E+00  0.908866E-01
  0.324286E+01  0.334938E+00  0.908046E-01
  0.324514E+01  0.343071E+00  0.910157E-01
  0.324743E+01  0.325311E+00  0.911023E-01
  0.324971E+01  0.492116E+00  0.903009E-01
  0.325200E+01  0.313527E+00  0.910488E-01
  0.325428E+01  0.373776E+00  0.905277E-01
  0.325656E+01  0.345560E+00  0.910699E-01
  0.325885E+01  0.380415E+00  0.908450E-01
  0.326113E+01  0.241328E+00  0.903915E-01
  0.326342E+01  0.365477E+00  0.911589E-01
  0.326570E+01  0.276349E+00  0.905163E-01
  0.326799E+01  0.122490E+00  0.907293E-01
  0.327027E+01  0.154357E-01  0.907529E-01
  0.327256E+01  0.156515E+00  0.905685E-01
  0.327484E+01  0.317510E+00  0.915549E-01
  0.327713E+01  0.125477E+00  0.902565E-01
  0.327941E+01  0.201162E+00  0.906070E-01
  0.328169E+01  0.275685E+00  0.905238E-01
  0.328398E+01  0.313029E+00  0.911194E-01
  0.328626E+01  0.486141E+00  0.909346E-01
  0.328855E+01  0.331784E+00  0.901987E-01
  0.329083E+01  0.108050E+00  0.909402E-01
  0.329312E+01  0.124315E+00  0.902097E-01
  0.329540E+01  0.304398E+00  0.912148E-01
  0.329769E+01  0.201826E+00  0.907473E-01
  0.329997E+01  0.308714E+00  0.906173E-01
  0.330226E+01  0.367967E+00  0.912024E-01
  0.330454E+01  0.301909E+00  0.905047E-01
  0.330682E+01  0.372448E+00  0.907311E-01
  0.330911E+01  0.400830E+00  0.903676E-01
  0.331139E+01  0.476349E+00  0.908156E-01
  0.331368E+01  0.273527E+00  0.910156E-01
  0.331596E+01  0.367967E+00  0.906296E-01
  0.331825E+01  0.494108E+00  0.908656E-01
  0.332053E+01  0.419917E+00  0.904390E-01
  0.332282E+01  0.233859E+00  0.909359E-01
  0.332510E+01  0.236846E+00  0.906873E-01
  0.332739E+01  0.150041E+00  0.904811E-01
  0.332967E+01  0.306888E+00  0.911004E-01
  0.333195E+01  0.313195E+00  0.903387E-01
  0.333424E+01  0.250124E+00  0.911139E-01
  0.333652E+01  0.505892E+00  0.904573E-01
  0.333881E+01  0.233859E+00  0.905410E-01
  0.334109E+01  0.311535E+00  0.910225E-01
  0.334338E+01  0.431867E+00  0.906519E-01
  0.334566E+01  0.197842E+00  0.909886E-01
  0.334795E+01  0.343900E+00  0.901638E-01
  0.335023E+01  0.330124E+00  0.908207E-01
  0.335252E+01  0.497925E+00  0.911754E-01
  0.335480E+01  0.480664E+00  0.904682E-01
  0.335708E+01  0.488299E+00  0.911162E-01
  0.335937E+01  0.396183E+00  0.905551E-01
  0.336165E+01  0.156515E+00  0.907788E-01
  0.336394E+01  0.203651E+00  0.904542E-01
  0.336622E+01  0.416598E+00  0.903571E-01
  0.336851E+01  0.324979E+00  0.911745E-01
  0.337079E+01  0.309046E+00  0.906184E-01
  0.337308E+01  0.288133E+00  0.914544E-01
  0.337536E+01  0.283320E+00  0.905120E-01
  0.337765E+01  0.338921E+00  0.908010E-01
  0.337993E+01  0.418755E+00  0.911317E-01
  0.338222E+01  0.279336E+00  0.905276E-01
  0.338450E+01  0.248631E+00  0.910294E-01
  0.338678E+01  0.353361E+00  0.902142E-01
  0.338907E+01  0.346722E+00  0.909101E-01
  0.339135E+01  0.400166E+00  0.911168E-01
  0.339364E+01  0.352199E+00  0.904185E-01
  0.339592E+01  0.408299E+00  0.911299E-01
  0.339821E+01  0.256763E+00  0.902011E-01
  0.340049E+01  0.463568E+00  0.912550E-01
  0.340278E+01  0.312531E+00  0.905828E-01
  0.340506E+01  0.242158E+00  0.904872E-01
  0.340735E+01  0.157178E+00  0.910206E-01
  0.340963E+01  0.174274E+00  0.905722E-01
  0.341191E+01  0.275519E+00  0.913672E-01
  0.341420E+01  0.225228E+00  0.903585E-01
  0.341648E+01  0.389710E+00  0.908661E-01
  0.341877E+01  0.347054E+00  0.908401E-01
  0.342105E+01  0.179419E+00  0.906689E-01
  0.342334E+01  0.342905E+00  0.909479E-01
  0.342562E+01  0.213444E+00  0.903376E-01
  0.342791E+01  0.219751E+00  0.910462E-01
  0.343019E+01  0.323651E+00  0.913224E-01
  0.343248E+01  0.350207E+00  0.904047E-01
  0.343476E+01  0.464066E+00  0.910423E-01
  0.343704E+01  0.370788E+00  0.906643E-01
  0.343933E+01  0.502905E+00  0.913606E-01
  0.344161E+01  0.394855E+00  0.907723E-01
  0.344390E+01  0.205145E+00  0.907187E-01
  0.344618E+01  0.291784E+00  0.909328E-01
  0.344847E+01  0.332946E+00  0.906991E-01
  0.345075E+01  0.523817E+00  0.912812E-01
  0.345304E+01  0.606971E+00  0.904179E-01
  0.345532E+01  0.430041E+00  0.910369E-01
  0.345761E+01  0.560000E+00  0.909883E-01
  0.345989E+01  0.388050E+00  0.907920E-01
  0.346217E+01  0.409129E+00  0.910455E-01
  0.346446E+01  0.196017E+00  0.903312E-01
  0.346674E+01  0.307386E+00  0.912077E-01
  0.346903E+01  0.272531E+00  0.908592E-01
  0.347131E+01  0.425062E+00  0.909691E-01
  0.347360E+01  0.357012E+00  0.908094E-01
  0.347588E+01  0.301411E+00  0.905133E-01
  0.347817E+01  0.287801E+00  0.914014E-01
  0.348045E+01  0.296432E+00  0.905255E-01
  0.348274E+01  0.424564E+00  0.910580E-01
  0.348502E+01  0.368797E+00  0.911506E-01
  0.348730E+01  0.460581E+00  0.909676E-01
  0.348959E+01  0.457925E+00  0.915963E-01
  0.349187E+01  0.377925E+00  0.903366E-01
  0.349416E+01  0.367469E+00  0.912376E-01
  0.349644E+01  0.312199E+00  0.910271E-01
  0.349873E+01  0.271867E+00  0.909552E-01
  0.350101E+01  0.443320E+00  0.912589E-01
  0.350330E+01  0.328797E+00  0.903725E-01
  0.350558E+01  0.242656E+00  0.913411E-01
  0.350787E+01  0.462905E+00  0.908667E-01
  0.351015E+01  0.551867E+00  0.908974E-01
  0.351244E+01  0.453610E+00  0.912094E-01
  0.351472E+01  0.421411E+00  0.907718E-01
  0.351700E+01  0.466390E+00  0.915481E-01
  0.351929E+01  0.404647E+00  0.905017E-01
  0.352157E+01  0.563817E+00  0.912246E-01
  0.352386E+01  0.388880E+00  0.912820E-01
  0.352614E+01  0.415768E+00  0.909170E-01
  0.352843E+01  0.262905E+00  0.916882E-01
  0.353071E+01  0.441826E+00  0.902610E-01
  0.353300E+01  0.556349E+00  0.914830E-01
  0.353528E+01  0.328133E+00  0.909121E-01
  0.353757E+01  0.444481E+00  0.911679E-01
  0.353985E+01  0.437510E+00  0.912409E-01
  0.354213E+01  0.455934E+00  0.907985E-01
  0.354442E+01  0.538257E+00  0.915163E-01
  0.354670E+01  0.465062E+00  0.909643E-01
  0.354899E+01  0.297095E+00  0.909633E-01
  0.355127E+01  0.309378E+00  0.910285E-01
  0.355356E+01  0.290290E+00  0.910972E-01
  0.355584E+01  0.169793E+00  0.916484E-01
  0.355813E+01  0.385062E+00  0.906771E-01
  0.356041E+01  0.440830E+00  0.912500E-01
  0.356270E+01  0.342075E+00  0.911011E-01
  0.356498E+01  0.338257E+00  0.911749E-01
  0.356726E+01  0.317178E+00  0.913906E-01
  0.356955E+01  0.382407E+00  0.906826E-01
  0.357183E+01  0.309544E+00  0.914610E-01
  0.357412E+01  0.142905E+00  0.908392E-01
  0.357640E+01  0.159336E+00  0.912429E-01
  0.357869E+01  0.334274E+00  0.911504E-01
  0.358097E+01  0.431037E+00  0.910542E-01
  0.358326E+01  0.393029E+00  0.915572E-01
  0.358554E+01  0.540249E+00  0.912380E-01
  0.358783E+01  0.448465E+00  0.911291E-01
  0.359011E+01  0.428050E+00  0.912473E-01
  0.359239E+01  0.346888E+00  0.909309E-01
  0.359468E+01  0.415104E+00  0.918929E-01
  0.359696E+01  0.260581E+00  0.908784E-01
  0.359925E+01  0.285643E+00  0.914372E-01
  0.360153E+01  0.267386E+00  0.911697E-01
  0.360382E+01  0.281992E+00  0.912948E-01
  0.360610E+01  0.533776E+00  0.916055E-01
  0.360839E+01  0.398174E+00  0.910271E-01
  0.361067E+01  0.465394E+00  0.917484E-01
  0.361296E+01  0.453112E+00  0.909274E-01
  0.361524E+01  0.483154E+00  0.915782E-01
  0.361752E+01  0.323154E+00  0.911088E-01
  0.361981E+01  0.531950E+00  0.910665E-01
  0.362209E+01  0.312033E+00  0.920451E-01
  0.362438E+01  0.313859E+00  0.910810E-01
  0.362666E+01  0.318008E+00  0.914943E-01
  0.362895E+01  0.302407E+00  0.909857E-01
  0.363123E+01  0.301743E+00  0.915930E-01
  0.363352E+01  0.418423E+00  0.916636E-01
  0.363580E+01  0.274191E+00  0.910055E-01
  0.363809E+01  0.174440E+00  0.915077E-01
  0.364037E+01  0.168465E+00  0.910735E-01
  0.364265E+01  0.393527E+00  0.918121E-01
  0.364494E+01  0.443485E+00  0.915101E-01
  0.364722E+01  0.285145E+00  0.910643E-01
  0.364951E+01  0.333112E+00  0.920856E-01
  0.365179E+01  0.380249E+00  0.911381E-01
  0.365408E+01  0.248465E+00  0.918634E-01
  0.365636E+01 -0.331950E-02  0.910850E-01
  0.365865E+01  0.216763E+00  0.911905E-01
  0.366093E+01  0.372946E+00  0.918645E-01
  0.366322E+01  0.197178E+00  0.913123E-01
  0.366550E+01  0.190373E+00  0.916445E-01
  0.366779E+01  0.247635E+00  0.914096E-01
  0.367007E+01  0.418423E+00  0.919084E-01
  0.367235E+01  0.391037E+00  0.921856E-01
  0.367464E+01  0.402822E+00  0.913352E-01
  0.367692E+01  0.350705E+00  0.915721E-01
  0.367921E+01  0.376598E+00  0.914854E-01
  0.368149E+01  0.391535E+00  0.919049E-01
  0.368378E+01  0.257759E+00  0.921179E-01
  0.368606E+01  0.287967E+00  0.910500E-01
  0.368835E+01  0.393859E+00  0.920895E-01
  0.369063E+01  0.638672E+00  0.916778E-01
  0.369292E+01  0.636017E+00  0.922861E-01
  0.369520E+01  0.329959E+00  0.916859E-01
  0.369748E+01  0.234025E+00  0.915208E-01
  0.369977E+01  0.201660E+00  0.920915E-01
  0.370205E+01  0.296929E+00  0.914736E-01
  0.370434E+01  0.491120E+00  0.918744E-01
  0.370662E+01  0.327469E+00  0.917776E-01
  0.370891E+01  0.488631E+00  0.919855E-01
  0.371119E+01  0.496100E+00  0.923839E-01
  0.371348E+01  0.510871E+00  0.915929E-01
  0.371576E+01  0.291618E+00  0.918204E-01
  0.371805E+01  0.272697E+00  0.917645E-01
  0.372033E+01  0.433029E+00  0.922491E-01
  0.372261E+01  0.379253E+00  0.921152E-01
  0.372490E+01  0.153527E+00  0.915298E-01
  0.372718E+01  0.172946E+00  0.922225E-01
  0.372947E+01  0.327967E+00  0.916281E-01
  0.373175E+01  0.290290E+00  0.920643E-01
  0.373404E+01  0.190539E+00  0.916789E-01
  0.373632E+01 -0.468050E-01  0.919629E-01
  0.373861E+01 -0.537759E-01  0.923634E-01
  0.374089E+01  0.206971E+00  0.919044E-01
  0.374318E+01  0.316349E+00  0.920862E-01
  0.374546E+01  0.521162E+00  0.919236E-01
  0.374774E+01  0.475021E+00  0.923649E-01
  0.375003E+01  0.444979E+00  0.923492E-01
  0.375231E+01  0.195519E+00  0.915895E-01
  0.375460E+01  0.257095E+00  0.921368E-01
  0.375688E+01  0.352863E+00  0.921252E-01
  0.375917E+01  0.434689E+00  0.923776E-01
  0.376145E+01  0.492116E+00  0.924733E-01
  0.376374E+01  0.329793E+00  0.918980E-01
  0.376602E+01  0.376100E+00  0.925555E-01
  0.376831E+01  0.480664E+00  0.922100E-01
  0.377059E+01  0.550705E+00  0.924213E-01
  0.377287E+01  0.426390E+00  0.921731E-01
  0.377516E+01  0.258921E+00  0.920437E-01
  0.377744E+01  0.126805E+00  0.925941E-01
  0.377973E+01  0.219253E+00  0.923203E-01
  0.378201E+01  0.213278E+00  0.921646E-01
  0.378430E+01  0.231701E+00  0.924076E-01
  0.378658E+01  0.193859E+00  0.922955E-01
  0.378887E+01  0.274357E+00  0.926399E-01
  0.379115E+01  0.349378E+00  0.924046E-01
  0.379344E+01  0.368631E+00  0.921994E-01
  0.379572E+01  0.301079E+00  0.926708E-01
  0.379800E+01  0.430871E+00  0.924596E-01
  0.380029E+01  0.459751E+00  0.924330E-01
  0.380257E+01  0.540913E+00  0.924957E-01
  0.380486E+01  0.383237E+00  0.924885E-01
  0.380714E+01  0.335602E+00  0.925891E-01
  0.380943E+01  0.548382E+00  0.926318E-01
  0.381171E+01  0.424896E+00  0.924493E-01
  0.381400E+01  0.374108E+00  0.927253E-01
  0.381628E+01  0.272365E+00  0.927392E-01
  0.381857E+01  0.189046E+00  0.926307E-01
  0.382085E+01  0.334938E+00  0.924215E-01
  0.382314E+01  0.139917E+00  0.927610E-01
  0.382542E+01  0.464564E+00  0.927570E-01
  0.382770E+01  0.552033E+00  0.927966E-01
  0.382999E+01  0.355851E+00  0.925940E-01
  0.383227E+01  0.213112E+00  0.926513E-01
  0.383456E+01  0.472863E+00  0.929937E-01
  0.383684E+01  0.508382E+00  0.931227E-01
  0.383913E+01  0.577095E+00  0.928626E-01
  0.384141E+01  0.555187E+00  0.926918E-01
  0.384370E+01  0.505062E+00  0.929846E-01
  0.384598E+01  0.339419E+00  0.930210E-01
  0.384827E+01  0.429710E+00  0.930707E-01
  0.385055E+01  0.220581E+00  0.928666E-01
  0.385283E+01  0.360166E+00  0.932752E-01
  0.385512E+01  0.398506E+00  0.930761E-01
  0.385740E+01  0.384232E+00  0.930978E-01
  0.385969E+01  0.574108E+00  0.927722E-01
  0.386197E+01  0.499751E+00  0.931895E-01
  0.386426E+01  0.489627E+00  0.931105E-01
  0.386654E+01  0.281660E+00  0.930051E-01
  0.386883E+01  0.163983E+00  0.929886E-01
  0.387111E+01  0.414108E+00  0.929741E-01
  0.387340E+01  0.552033E+00  0.933126E-01
  0.387568E+01  0.561826E+00  0.935874E-01
  0.387796E+01  0.350041E+00  0.932710E-01
  0.388025E+01  0.246141E+00  0.931488E-01
  0.388253E+01  0.338257E+00  0.930703E-01
  0.388482E+01  0.456929E+00  0.933701E-01
  0.388710E+01  0.301245E+00  0.931260E-01
  0.388939E+01  0.446473E+00  0.930640E-01
  0.389167E+01  0.372780E+00  0.938192E-01
  0.389396E+01  0.430041E+00  0.937018E-01
  0.389624E+01  0.490290E+00  0.934380E-01
  0.389853E+01  0.332946E+00  0.931561E-01
  0.390081E+01  0.412614E+00  0.933846E-01
  0.390309E+01  0.586390E+00  0.936453E-01
  0.390538E+01  0.511037E+00  0.935786E-01
  0.390766E+01  0.289959E+00  0.933503E-01
  0.390995E+01  0.166805E+00  0.935392E-01
  0.391223E+01  0.260581E+00  0.935911E-01
  0.391452E+01  0.336763E+00  0.936621E-01
  0.391680E+01  0.321992E+00  0.933223E-01
  0.391909E+01  0.218755E+00  0.934846E-01
  0.392137E+01  0.114191E+00  0.938444E-01
  0.392366E+01 -0.224066E-01  0.937618E-01
  0.392594E+01  0.588880E+00  0.938226E-01
  0.392822E+01  0.614108E+00  0.936095E-01
  0.393051E+01  0.390539E+00  0.941342E-01
  0.393279E+01  0.234689E+00  0.940711E-01
  0.393508E+01  0.508050E+00  0.940781E-01
  0.393736E+01  0.418589E+00  0.936888E-01
  0.393965E+01  0.363320E+00  0.938524E-01
  0.394193E+01  0.481494E+00  0.941751E-01
  0.394422E+01  0.405809E+00  0.940761E-01
  0.394650E+01  0.362158E+00  0.939333E-01
  0.394879E+01  0.453112E+00  0.941330E-01
  0.395107E+01  0.316846E+00  0.941198E-01
  0.395336E+01  0.428050E+00  0.942905E-01
  0.395564E+01  0.412116E+00  0.936338E-01
  0.395792E+01  0.954357E-01  0.938274E-01
  0.396021E+01  0.312863E+00  0.941932E-01
  0.396249E+01  0.560332E+00  0.946374E-01
  0.396478E+01  0.375602E+00  0.944313E-01
  0.396706E+01  0.401660E+00  0.938567E-01
  0.396935E+01  0.470871E+00  0.944072E-01
  0.397163E+01  0.533444E+00  0.945786E-01
  0.397392E+01  0.452614E+00  0.943979E-01
  0.397620E+01  0.387552E+00  0.943709E-01
  0.397849E+01  0.438008E+00  0.945076E-01
  0.398077E+01  0.366473E+00  0.947943E-01
  0.398305E+01  0.212946E+00  0.943431E-01
  0.398534E+01  0.418091E+00  0.943440E-01
  0.398762E+01  0.613444E+00  0.947333E-01
  0.398991E+01  0.581079E+00  0.945734E-01
  0.399219E+01  0.521992E+00  0.950280E-01
  0.399448E+01  0.551535E+00  0.944886E-01
  0.399676E+01  0.337427E+00  0.943160E-01
  0.399905E+01  0.425062E+00  0.950141E-01
  0.400133E+01  0.565477E+00  0.949222E-01
  0.400362E+01  0.560830E+00  0.949742E-01
  0.400590E+01  0.406805E+00  0.945614E-01
  0.400818E+01  0.235021E+00  0.945584E-01
  0.401047E+01  0.267054E+00  0.950755E-01
  0.401275E+01  0.212448E+00  0.945147E-01
  0.401504E+01  0.425062E+00  0.947831E-01
  0.401732E+01  0.338091E+00  0.950643E-01
  0.401961E+01  0.621411E+00  0.950739E-01
  0.402189E+01  0.450788E+00  0.953269E-01
  0.402418E+01  0.341743E+00  0.947020E-01
  0.402646E+01  0.353859E+00  0.948851E-01
  0.402875E+01  0.520498E+00  0.952778E-01
  0.403103E+01  0.475021E+00  0.951577E-01
  0.403331E+01  0.362158E+00  0.953574E-01
  0.403560E+01  0.346722E+00  0.948197E-01
  0.403788E+01  0.443320E+00  0.953013E-01
  0.404017E+01  0.570788E+00  0.954975E-01
  0.404245E+01  0.367967E+00  0.952462E-01
  0.404474E+01  0.304232E+00  0.951534E-01
  0.404702E+01  0.185726E+00  0.951441E-01
  0.404931E+01  0.310373E+00  0.955631E-01
  0.405159E+01  0.244149E+00  0.952005E-01
  0.405388E+01  0.443320E+00  0.950692E-01
  0.405616E+01  0.465394E+00  0.955030E-01
  0.405844E+01  0.641660E+00  0.958646E-01
  0.406073E+01  0.564149E+00  0.955633E-01
  0.406301E+01  0.405311E+00  0.956487E-01
  0.406530E+01  0.377427E+00  0.954145E-01
  0.406758E+01  0.387386E+00  0.955674E-01
  0.406987E+01  0.273693E+00  0.959239E-01
  0.407215E+01  0.222905E+00  0.954985E-01
  0.407444E+01  0.247967E+00  0.956292E-01
  0.407672E+01  0.423900E+00  0.957975E-01
  0.407901E+01  0.255104E+00  0.961423E-01
  0.408129E+01  0.320000E+00  0.956406E-01
  0.408357E+01  0.518838E+00  0.957431E-01
  0.408586E+01  0.651618E+00  0.964429E-01
  0.408814E+01  0.542241E+00  0.959530E-01
  0.409043E+01  0.466390E+00  0.959990E-01
  0.409271E+01  0.238174E+00  0.958128E-01
  0.409500E+01  0.288465E+00  0.960989E-01
  0.409728E+01  0.378589E+00  0.963157E-01
  0.409957E+01  0.209461E+00  0.961398E-01
  0.410185E+01  0.226390E+00  0.963749E-01
  0.410414E+01  0.172946E+00  0.960815E-01
  0.410642E+01  0.135104E+00  0.964577E-01
  0.410871E+01  0.118506E+00  0.961889E-01
  0.411099E+01 -0.780083E-02  0.959972E-01
  0.411327E+01  0.359668E+00  0.962501E-01
  0.411556E+01  0.498257E+00  0.966276E-01
  0.411784E+01  0.381411E+00  0.969314E-01
  0.412013E+01  0.359502E+00  0.965026E-01
  0.412241E+01  0.437676E+00  0.962666E-01
  0.412470E+01  0.260747E+00  0.964329E-01
  0.412698E+01  0.334938E+00  0.968752E-01
  0.412927E+01  0.574274E+00  0.966052E-01
  0.413155E+01  0.377095E+00  0.966189E-01
  0.413384E+01  0.353859E+00  0.968583E-01
  0.413612E+01  0.395851E+00  0.970191E-01
  0.413840E+01  0.257759E+00  0.965395E-01
  0.414069E+01  0.121826E+00  0.966051E-01
  0.414297E+01  0.325975E+00  0.968690E-01
  0.414526E+01  0.367635E+00  0.970170E-01
  0.414754E+01  0.324813E+00  0.973944E-01
  0.414983E+01  0.227552E+00  0.969032E-01
  0.415211E+01  0.612448E-01  0.968600E-01
  0.415440E+01  0.349212E+00  0.974686E-01
  0.415668E+01  0.271535E+00  0.972089E-01
  0.415897E+01  0.235851E+00  0.970982E-01
  0.416125E+01  0.266224E+00  0.972055E-01
  0.416353E+01  0.521494E+00  0.973049E-01
  0.416582E+01  0.436680E+00  0.973416E-01
  0.416810E+01  0.289627E+00  0.973042E-01
  0.417039E+01  0.179585E+00  0.972663E-01
  0.417267E+01  0.258257E+00  0.976907E-01
  0.417496E+01  0.220249E+00  0.978298E-01
  0.417724E+01  0.498423E+00  0.978113E-01
  0.417953E+01  0.551037E+00  0.974862E-01
  0.418181E+01  0.373942E+00  0.978175E-01
  0.418410E+01  0.494772E+00  0.979475E-01
  0.418638E+01  0.185560E+00  0.977097E-01
  0.418866E+01  0.190871E-01  0.978432E-01
  0.419095E+01  0.858091E-01  0.976729E-01
  0.419323E+01  0.113693E+00  0.982517E-01
  0.419552E+01  0.342905E+00  0.981427E-01
  0.419780E+01  0.330788E+00  0.974981E-01
  0.420009E+01  0.303237E+00  0.984295E-01
  0.420237E+01  0.492282E+00  0.985959E-01
  0.420466E+01  0.338589E+00  0.985276E-01
  0.420694E+01  0.374938E+00  0.983642E-01
  0.420923E+01  0.400332E+00  0.978327E-01
  0.421151E+01  0.448299E+00  0.987309E-01
  0.421379E+01  0.336432E+00  0.985294E-01
  0.421608E+01  0.294606E+00  0.984072E-01
  0.421836E+01  0.224730E+00  0.984636E-01
  0.422065E+01  0.773444E-01  0.984973E-01
  0.422293E+01  0.312033E+00  0.987001E-01
  0.422522E+01  0.390539E+00  0.988127E-01
  0.422750E+01  0.279502E+00  0.987915E-01
  0.422979E+01  0.643651E+00  0.988132E-01
  0.423207E+01  0.593361E+00  0.990535E-01
  0.423436E+01  0.344398E+00  0.989232E-01
  0.423664E+01  0.197178E+00  0.985959E-01
  0.423892E+01  0.262739E+00  0.987889E-01
  0.424121E+01  0.237178E+00  0.991003E-01
  0.424349E+01  0.323983E+00  0.992766E-01
  0.424578E+01  0.227884E+00  0.991539E-01
  0.424806E+01  0.277344E+00  0.988947E-01
  0.425035E+01  0.433195E+00  0.991700E-01
  0.425263E+01  0.442988E+00  0.994587E-01
  0.425492E+01  0.323983E+00  0.991270E-01
  0.425720E+01  0.755187E-01  0.990641E-01
  0.425949E+01  0.273693E+00  0.996470E-01
  0.426177E+01  0.623900E+00  0.997926E-01
  0.426406E+01  0.369129E+00  0.996300E-01
  0.426634E+01  0.171618E+00  0.990892E-01
  0.426862E+01  0.388382E+00  0.996255E-01
  0.427091E+01  0.994191E-01  0.996545E-01
  0.427319E+01  0.333610E-01  0.994956E-01
  0.427548E+01  0.110871E+00  0.994202E-01
  0.427776E+01  0.377095E+00  0.994941E-01
  0.428005E+01  0.738921E+00  0.100090E+00
  0.428233E+01  0.378257E+00  0.100186E+00
  0.428462E+01  0.246473E+00  0.100038E+00
  0.428690E+01  0.132282E+00  0.100060E+00
  0.428919E+01  0.242656E+00  0.100585E+00
  0.429147E+01  0.379585E+00  0.100277E+00
  0.429375E+01  0.324979E+00  0.999386E-01
  0.429604E+01  0.281826E+00  0.100357E+00
  0.429832E+01  0.400498E+00  0.100513E+00
  0.430061E+01  0.385892E+00  0.100867E+00
  0.430289E+01  0.333610E+00  0.100723E+00
  0.430518E+01  0.324315E+00  0.100204E+00
  0.430746E+01  0.241162E+00  0.100584E+00
  0.430975E+01  0.230373E+00  0.100853E+00
  0.431203E+01  0.500581E+00  0.100822E+00
  0.431432E+01  0.319004E+00  0.100533E+00
  0.431660E+01  0.365975E+00  0.101052E+00
  0.431888E+01  0.328133E+00  0.101073E+00
  0.432117E+01  0.367967E+00  0.101199E+00
  0.432345E+01  0.108382E+00  0.101093E+00
  0.432574E+01  0.612448E-01  0.100926E+00
  0.432802E+01  0.184398E+00  0.101304E+00
  0.433031E+01  0.193029E+00  0.101431E+00
  0.433259E+01  0.306390E+00  0.101237E+00
  0.433488E+01  0.499419E+00  0.101079E+00
  0.433716E+01  0.228382E+00  0.101494E+00
  0.433945E+01  0.371618E+00  0.101925E+00
  0.434173E+01  0.474191E+00  0.101867E+00
  0.434401E+01  0.393693E+00  0.101800E+00
  0.434630E+01  0.110373E+00  0.101352E+00
  0.434858E+01  0.183568E+00  0.101943E+00
  0.435087E+01  0.325311E+00  0.101906E+00
  0.435315E+01  0.653942E-01  0.101569E+00
  0.435544E+01 -0.227220E+00  0.102133E+00
  0.435772E+01  0.276680E+00  0.102404E+00
  0.436001E+01 -0.305394E-01  0.102142E+00
  0.436229E+01  0.445477E+00  0.101995E+00
  0.436458E+01  0.546722E+00  0.102065E+00
  0.436686E+01  0.426224E+00  0.102463E+00
  0.436914E+01  0.323817E+00  0.102769E+00
  0.437143E+01  0.273527E+00  0.102449E+00
  0.437371E+01  0.376432E+00  0.102603E+00
  0.437600E+01  0.376432E+00  0.102451E+00
  0.437828E+01  0.519502E+00  0.103088E+00
  0.438057E+01  0.290954E+00  0.102718E+00
  0.438285E+01  0.363154E+00  0.102624E+00
  0.438514E+01  0.358672E+00  0.102982E+00
  0.438742E+01  0.423734E+00  0.103195E+00
  0.438971E+01  0.256100E+00  0.103121E+00
  0.439199E+01  0.249627E+00  0.102878E+00
  0.439427E+01  0.316680E+00  0.103429E+00
  0.439656E+01  0.131286E+00  0.103458E+00
  0.439884E+01  0.163651E+00  0.103419E+00
  0.440113E+01  0.195021E+00  0.103021E+00
  0.440341E+01  0.134274E+00  0.103269E+00
  0.440570E+01  0.123154E+00  0.103516E+00
  0.440798E+01  0.663900E-01  0.103665E+00
  0.441027E+01  0.285311E+00  0.103698E+00
  0.441255E+01  0.326307E+00  0.103822E+00
  0.441484E+01  0.314523E+00  0.103893E+00
  0.441712E+01  0.357344E+00  0.103948E+00
  0.441941E+01  0.180083E+00  0.104038E+00
  0.442169E+01  0.317676E+00  0.103800E+00
  0.442397E+01  0.337593E+00  0.104270E+00
  0.442626E+01  0.245809E+00  0.104468E+00
  0.442854E+01  0.308548E+00  0.104450E+00
  0.443083E+01  0.380083E-01  0.104229E+00
  0.443311E+01  0.170622E+00  0.104466E+00
  0.443540E+01  0.207967E+00  0.104734E+00
  0.443768E+01  0.136266E+00  0.104878E+00
  0.443997E+01  0.280996E+00  0.104361E+00
  0.444225E+01  0.347552E+00  0.105050E+00
  0.444454E+01  0.186224E+00  0.104935E+00
  0.444682E+01  0.224730E+00  0.105183E+00
  0.444910E+01  0.123651E+00  0.104942E+00
  0.445139E+01  0.167137E+00  0.104939E+00
  0.445367E+01  0.677178E-01  0.105123E+00
  0.445596E+01  0.372282E+00  0.105997E+00
  0.445824E+01  0.315353E+00  0.105510E+00
  0.446053E+01  0.271203E+00  0.105152E+00
  0.446281E+01  0.284315E+00  0.105489E+00
  0.446510E+01  0.184896E+00  0.105932E+00
  0.446738E+01  0.250290E+00  0.105999E+00
  0.446967E+01  0.136100E+00  0.105559E+00
  0.447195E+01  0.342075E+00  0.106175E+00
  0.447423E+01  0.232199E+00  0.106416E+00
  0.447652E+01  0.341909E+00  0.105894E+00
  0.447880E+01  0.261577E+00  0.106243E+00
  0.448109E+01  0.245477E+00  0.106460E+00
  0.448337E+01 -0.708714E-01  0.106684E+00
  0.448566E+01 -0.134440E-01  0.107042E+00
  0.448794E+01  0.326971E-01  0.106138E+00
  0.449023E+01  0.170124E+00  0.106287E+00
  0.449251E+01  0.219419E+00  0.107014E+00
  0.449480E+01  0.247137E+00  0.107190E+00
  0.449708E+01  0.153693E+00  0.107088E+00
  0.449936E+01  0.407137E+00  0.107005E+00
  0.450165E+01  0.479668E+00  0.107343E+00
  0.450393E+01  0.351867E+00  0.107855E+00
  0.450622E+01  0.222905E+00  0.107435E+00
  0.450850E+01  0.269212E+00  0.107435E+00
  0.451079E+01  0.222739E+00  0.107755E+00
  0.451307E+01  0.316017E+00  0.107912E+00
  0.451536E+01  0.232697E+00  0.107837E+00
  0.451764E+01  0.282656E+00  0.107790E+00
  0.451993E+01  0.231867E+00  0.108074E+00
  0.452221E+01  0.268880E+00  0.108243E+00
  0.452449E+01  0.430705E+00  0.108667E+00
  0.452678E+01  0.406805E+00  0.108356E+00
  0.452906E+01  0.399004E+00  0.108232E+00
  0.453135E+01  0.553859E+00  0.108606E+00
  0.453363E+01  0.461411E+00  0.108967E+00
  0.453592E+01  0.281494E+00  0.108837E+00
  0.453820E+01  0.429544E+00  0.108952E+00
  0.454049E+01  0.233361E+00  0.108938E+00
  0.454277E+01  0.135768E+00  0.109601E+00
  0.454506E+01  0.182573E-02  0.109165E+00
  0.454734E+01  0.250622E-01  0.108613E+00
  0.454963E+01  0.149876E+00  0.109413E+00
  0.455191E+01  0.197676E+00  0.109399E+00
  0.455419E+01  0.293776E+00  0.109690E+00
  0.455648E+01  0.434855E+00  0.109968E+00
  0.455876E+01  0.248797E+00  0.109766E+00
  0.456105E+01  0.106556E+00  0.109986E+00
  0.456333E+01  0.275851E+00  0.110421E+00
  0.456562E+01  0.659087E+00  0.110091E+00
  0.456790E+01  0.522490E+00  0.110658E+00
  0.457019E+01  0.249959E+00  0.110587E+00
  0.457247E+01  0.432033E+00  0.110555E+00
  0.457476E+01 -0.234025E-01  0.110432E+00
  0.457704E+01  0.153361E+00  0.110424E+00
  0.457932E+01  0.139751E+00  0.110978E+00
  0.458161E+01  0.129461E+00  0.111285E+00
  0.458389E+01 -0.208465E+00  0.111136E+00
  0.458618E+01 -0.564315E-01  0.111352E+00
  0.458846E+01  0.259419E+00  0.111501E+00
  0.459075E+01  0.216432E+00  0.111639E+00
  0.459303E+01  0.982573E-01  0.111661E+00
  0.459532E+01  0.105560E+00  0.112232E+00
  0.459760E+01  0.287137E+00  0.112235E+00
  0.459989E+01  0.146888E+00  0.112090E+00
  0.460217E+01 -0.577593E-01  0.111965E+00
  0.460445E+01 -0.136100E-01  0.112332E+00
  0.460674E+01  0.458091E-01  0.112263E+00
  0.460902E+01  0.235685E-01  0.112710E+00
  0.461131E+01  0.904564E-01  0.112910E+00
  0.461359E+01  0.390373E+00  0.113107E+00
  0.461588E+01  0.542905E+00  0.113241E+00
  0.461816E+01  0.562656E-01  0.113112E+00
  0.462045E+01  0.115685E+00  0.113487E+00
  0.462273E+01 -0.194025E+00  0.113484E+00
  0.462502E+01 -0.162158E+00  0.113748E+00
  0.462730E+01 -0.431535E-01  0.113930E+00
  0.462958E+01 -0.413278E-01  0.113758E+00
  0.463187E+01  0.280498E+00  0.113943E+00
  0.463415E+01  0.101079E+00  0.114379E+00
  0.463644E+01  0.210124E+00  0.114458E+00
  0.463872E+01  0.133444E+00  0.114725E+00
  0.464101E+01  0.159668E+00  0.114823E+00
  0.464329E+01  0.956017E-01  0.114803E+00
  0.464558E+01  0.879668E-02  0.114830E+00
  0.464786E+01  0.268880E-01  0.114911E+00
  0.465015E+01  0.177925E+00  0.115510E+00
  0.465243E+01  0.235851E+00  0.115885E+00
  0.465471E+01  0.128133E+00  0.115823E+00
  0.465700E+01  0.211452E+00  0.115920E+00
  0.465928E+01 -0.680498E-01  0.115857E+00
  0.466157E+01 -0.980913E-01  0.115680E+00
  0.466385E+01 -0.229378E+00  0.116479E+00
  0.466614E+01  0.192531E+00  0.116455E+00
  0.466842E+01  0.310207E+00  0.116825E+00
  0.467071E+01  0.105892E+00  0.116790E+00
  0.467299E+01  0.320166E+00  0.116767E+00
  0.467528E+01  0.419087E+00  0.117264E+00
  0.467756E+01  0.370290E+00  0.117219E+00
  0.467984E+01  0.236846E+00  0.117530E+00
  0.468213E+01  0.416763E+00  0.118063E+00
  0.468441E+01  0.213776E+00  0.118001E+00
  0.468670E+01  0.254938E+00  0.118159E+00
  0.468898E+01  0.165975E+00  0.118327E+00
  0.469127E+01  0.750207E-01  0.118069E+00
  0.469355E+01 -0.970954E-01  0.119008E+00
  0.469584E+01 -0.310373E+00  0.118555E+00
  0.469812E+01 -0.517842E-01  0.118824E+00
  0.470041E+01 -0.106224E-01  0.119011E+00
  0.470269E+01  0.980913E-01  0.119006E+00
  0.470498E+01  0.886307E-01  0.119812E+00
  0.470726E+01  0.458091E-01  0.119713E+00
  0.470954E+01 -0.728631E-01  0.120015E+00
  0.471183E+01 -0.173444E+00  0.120325E+00
  0.471411E+01 -0.965975E-01  0.120039E+00
  0.471640E+01  0.989212E-01  0.120389E+00
  0.471868E+01 -0.609129E-01  0.120236E+00
  0.472097E+01 -0.406639E+00  0.120703E+00
  0.472325E+01 -0.224066E-01  0.121239E+00
  0.472554E+01  0.178257E+00  0.121719E+00
  0.472782E+01  0.206639E+00  0.121625E+00
  0.473011E+01  0.152365E+00  0.122049E+00
  0.473239E+01  0.285477E+00  0.121819E+00
  0.473467E+01  0.106224E+00  0.122318E+00
  0.473696E+01  0.213112E+00  0.122340E+00
  0.473924E+01  0.298755E-01  0.122781E+00
  0.474153E+01  0.108548E+00  0.122424E+00
  0.474381E+01  0.155685E+00  0.123130E+00
  0.474610E+01  0.912863E-01  0.123263E+00
  0.474838E+01  0.131452E+00  0.123583E+00
  0.475067E+01  0.863071E-01  0.123927E+00
  0.475295E+01  0.146888E+00  0.124291E+00
  0.475524E+01  0.243651E+00  0.124159E+00
  0.475752E+01  0.127801E+00  0.124207E+00
  0.475980E+01  0.328631E-01  0.124850E+00
  0.476209E+01  0.642324E-01  0.125305E+00
  0.476437E+01  0.118008E+00  0.125027E+00
  0.476666E+01  0.222241E+00  0.125957E+00
  0.476894E+01  0.204813E+00  0.125617E+00
  0.477123E+01  0.222407E+00  0.125963E+00
  0.477351E+01  0.323651E-01  0.126069E+00
  0.477580E+01  0.146224E+00  0.126643E+00
  0.477808E+01  0.210788E-01  0.127122E+00
  0.478037E+01  0.275021E+00  0.127461E+00
  0.478265E+01  0.413444E+00  0.128222E+00
  0.478493E+01  0.552199E+00  0.127843E+00
  0.478722E+01  0.426224E+00  0.128137E+00
  0.478950E+01  0.387718E+00  0.128387E+00
  0.479179E+01  0.326805E+00  0.128658E+00
  0.479407E+01  0.703734E-01  0.128801E+00
  0.479636E+01 -0.926141E-01  0.129344E+00
  0.479864E+01 -0.255768E+00  0.129288E+00
  0.480093E+01 -0.896266E-01  0.129510E+00
  0.480321E+01 -0.463071E-01  0.130378E+00
  0.480550E+01 -0.416598E-01  0.130418E+00
  0.480778E+01  0.409959E-01  0.131071E+00
  0.481006E+01  0.584232E-01  0.131070E+00
  0.481235E+01 -0.685477E-01  0.131275E+00
  0.481463E+01 -0.157676E-01  0.131429E+00
  0.481692E+01  0.645643E-01  0.132278E+00
  0.481920E+01  0.156846E+00  0.131666E+00
  0.482149E+01  0.275353E+00  0.132585E+00
  0.482377E+01  0.113361E+00  0.133275E+00
  0.482606E+01  0.164481E+00  0.133299E+00
  0.482834E+01  0.272697E+00  0.133440E+00
  0.483063E+01  0.190041E+00  0.134427E+00
  0.483291E+01 -0.207635E+00  0.134310E+00
  0.483519E+01 -0.451618E+00  0.134688E+00
  0.483748E+01 -0.382739E+00  0.135327E+00
  0.483976E+01  0.154191E+00  0.136345E+00
  0.484205E+01  0.345560E+00  0.136116E+00
  0.484433E+01  0.265228E+00  0.136959E+00
  0.484662E+01  0.497759E+00  0.137156E+00
  0.484890E+01  0.420581E+00  0.137210E+00
  0.485119E+01  0.136100E-01  0.138024E+00
  0.485347E+01  0.182075E+00  0.137974E+00
  0.485576E+01  0.304398E+00  0.138422E+00
  0.485804E+01  0.297095E+00  0.139091E+00
  0.486033E+01 -0.398340E-01  0.139779E+00
  0.486261E+01  0.298589E+00  0.139785E+00
  0.486489E+01  0.352199E+00  0.140460E+00
  0.486718E+01  0.153361E+00  0.140814E+00
  0.486946E+01 -0.180581E+00  0.141092E+00
  0.487175E+01 -0.395021E-01  0.142102E+00
  0.487403E+01 -0.863071E-02  0.142467E+00
  0.487632E+01 -0.580913E-02  0.142539E+00
  0.487860E+01  0.137759E-01  0.143275E+00
  0.488089E+01  0.728631E-01  0.143503E+00
  0.488317E+01  0.124813E+00  0.144571E+00
  0.488546E+01  0.561328E+00  0.144941E+00
  0.488774E+01  0.316680E+00  0.146168E+00
  0.489002E+01  0.163651E+00  0.146437E+00
  0.489231E+01  0.436515E+00  0.147200E+00
  0.489459E+01  0.314523E+00  0.147853E+00
  0.489688E+01  0.318838E+00  0.148502E+00
  0.489916E+01  0.417427E+00  0.149054E+00
  0.490145E+01  0.168299E+00  0.149275E+00
  0.490373E+01 -0.170954E+00  0.149100E+00
  0.490602E+01 -0.188050E+00  0.150373E+00
  0.490830E+01 -0.132448E+00  0.150940E+00
  0.491059E+01 -0.863071E-02  0.151697E+00
  0.491287E+01  0.109876E+00  0.153110E+00
  0.491515E+01 -0.151203E+00  0.153606E+00
  0.491744E+01  0.199170E-01  0.154250E+00
  0.491972E+01  0.360830E+00  0.155264E+00
  0.492201E+01  0.921162E-01  0.155733E+00
  0.492429E+01  0.257261E-01  0.156538E+00
  0.492658E+01 -0.813278E-02  0.157638E+00
  0.492886E+01  0.313029E+00  0.158195E+00
  0.493115E+01  0.603485E+00  0.160165E+00
  0.493343E+01  0.515187E+00  0.160539E+00
  0.493572E+01  0.279834E+00  0.161522E+00
  0.493800E+01 -0.179253E-01  0.162157E+00
  0.494028E+01  0.507884E-01  0.162716E+00
  0.494257E+01  0.236017E+00  0.164322E+00
  0.494485E+01  0.638838E+00  0.165804E+00
  0.494714E+01  0.547718E-01  0.166517E+00
  0.494942E+01  0.131120E+00  0.167590E+00
  0.495171E+01  0.493444E+00  0.169271E+00
  0.495399E+01  0.882988E+00  0.170745E+00
  0.495628E+01  0.435353E+00  0.172056E+00
----------D:\Calib_final\cal_016.dat-----------------------------
raw data file E:\data\Users2006\Stratos.0506\cal_016.mar2300                    
Sample:     chymotrypsinogenA     c=6.025  mg/ml Code :                         
X33 MAR345 data take                                                            
Start: Thu May 18 15:10:31 2006End: 15:13:56                                    
Processed by MAR-PRIMUS: Thu May 18 15:14:12 2006                               
 Channels from 1  to         2485                                               
  Angular axis file saxis_20060511.dat                                          
 BeamCenter_X=    2196.400       BeamCenter_Y=    1137.900                      
 Datector response file none Mask file mask_20060511.msk                        
 Calibration channel            3                                               
 Scale factor   1000.00000000000       Offset    1000.00000000000               
----------D:\Calib_final\Avrag04.dat-----------------------------
 Average of: cal_015.da  cal_017.da                                             
cal_015.dat   Conc = .10E+01  Mult = .10E+01  N1 =    1  N2 = 2135  SCALE =  1  
cal_017.dat   Conc = .10E+01  Mult = .10E+01  N1 =    1  N2 = 2135  SCALE =  1  
