Sample description: Extrapolated to infinite dilution
Sample: Extrapolated to  c= 0.000 mg/ml  Code: myo
Parent(s): myo_112.dat myo_110.dat myo_108.dat myo_106.dat
  8.712520e-02   5.823132e+00   4.139140e+00
  8.985920e-02   1.835213e+01   1.383900e+00
  9.259320e-02   3.979487e+00   1.120350e+00
  9.532730e-02   1.535165e+01   1.008240e+00
  9.806130e-02   1.658448e+01   8.769370e-01
  1.007950e-01   1.676293e+01   8.004200e-01
  1.035290e-01   1.267984e+01   7.188820e-01
  1.062630e-01   8.714349e+00   6.717700e-01
  1.089980e-01   3.250871e+00   5.925980e-01
  1.117320e-01   1.214578e+01   5.530350e-01
  1.144660e-01   1.124006e+01   5.179280e-01
  1.172000e-01   1.123307e+01   4.769830e-01
  1.199340e-01   1.160161e+01   4.407600e-01
  1.226680e-01   1.090386e+01   4.069000e-01
  1.254020e-01   8.985919e+00   3.833800e-01
  1.281360e-01   6.525788e+00   3.656880e-01
  1.308700e-01   9.070325e+00   3.378480e-01
  1.336040e-01   1.272100e+01   3.238540e-01
  1.363380e-01   7.862944e+00   2.981390e-01
  1.390720e-01   1.013966e+01   2.835880e-01
  1.418060e-01   1.456766e+01   2.658960e-01
  1.445400e-01   1.431495e+01   2.558600e-01
  1.472740e-01   1.181153e+01   2.468550e-01
  1.500080e-01   1.201644e+01   2.288900e-01
  1.527420e-01   1.013663e+01   2.226390e-01
  1.554760e-01   1.242957e+01   2.070500e-01
  1.582100e-01   8.867778e+00   2.025420e-01
  1.609440e-01   9.341048e+00   1.908940e-01
  1.636780e-01   9.535218e+00   1.853850e-01
  1.664120e-01   6.670654e+00   1.770920e-01
  1.691460e-01   1.102677e+01   1.696940e-01
  1.718810e-01   1.140397e+01   1.650460e-01
  1.746150e-01   1.023513e+01   1.567100e-01
  1.773490e-01   9.986934e+00   1.514390e-01
  1.800830e-01   9.076330e+00   1.448260e-01
  1.828170e-01   1.107832e+01   1.422090e-01
  1.855510e-01   9.841928e+00   1.387650e-01
  1.882850e-01   8.533608e+00   1.314220e-01
  1.910190e-01   9.717399e+00   1.273250e-01
  1.937530e-01   1.025154e+01   1.257980e-01
  1.964870e-01   9.570755e+00   1.208320e-01
  1.992210e-01   1.145330e+01   1.191480e-01
  2.019550e-01   9.749859e+00   1.117460e-01
  2.046890e-01   9.918770e+00   1.117180e-01
  2.074230e-01   1.091860e+01   1.085630e-01
  2.101570e-01   1.201635e+01   1.086460e-01
  2.128910e-01   8.823466e+00   1.054430e-01
  2.156250e-01   1.083211e+01   1.018410e-01
  2.183590e-01   1.120764e+01   1.028300e-01
  2.210930e-01   1.125273e+01   9.907800e-02
  2.238270e-01   1.036789e+01   9.726280e-02
  2.265610e-01   9.572640e+00   9.674590e-02
  2.292950e-01   1.075965e+01   9.381640e-02
  2.320290e-01   1.111005e+01   9.490770e-02
  2.347640e-01   1.085649e+01   9.035890e-02
  2.374980e-01   1.035655e+01   9.235660e-02
  2.402320e-01   1.094848e+01   8.928050e-02
  2.429660e-01   1.084164e+01   8.849280e-02
  2.457000e-01   1.026798e+01   8.796870e-02
  2.484340e-01   1.073511e+01   8.347570e-02
  2.511680e-01   1.081454e+01   8.544900e-02
  2.539020e-01   1.016639e+01   8.349010e-02
  2.566360e-01   1.082950e+01   8.236910e-02
  2.593700e-01   1.045148e+01   8.085310e-02
  2.621040e-01   1.014775e+01   7.847340e-02
  2.648380e-01   1.106009e+01   7.967350e-02
  2.675720e-01   1.058237e+01   7.774470e-02
  2.703060e-01   1.058364e+01   7.656700e-02
  2.730400e-01   1.050789e+01   7.633810e-02
  2.757740e-01   1.039357e+01   7.373690e-02
  2.785080e-01   1.037064e+01   7.530440e-02
  2.812420e-01   1.010965e+01   7.229350e-02
  2.839760e-01   9.695121e+00   7.253630e-02
  2.867100e-01   9.041692e+00   7.246280e-02
  2.894440e-01   1.011978e+01   7.032260e-02
  2.921780e-01   1.040265e+01   7.057480e-02
  2.949120e-01   1.023288e+01   6.923070e-02
  2.976470e-01   1.031071e+01   6.891360e-02
  3.003810e-01   9.260338e+00   6.898830e-02
  3.031150e-01   1.003944e+01   6.832000e-02
  3.058490e-01   9.444680e+00   6.709850e-02
  3.085830e-01   1.003523e+01   6.639070e-02
  3.113170e-01   9.436423e+00   6.577900e-02
  3.140510e-01   9.946334e+00   6.596670e-02
  3.167850e-01   9.796193e+00   6.421350e-02
  3.195190e-01   1.013165e+01   6.454970e-02
  3.222530e-01   1.056318e+01   6.426650e-02
  3.249870e-01   1.002561e+01   6.356810e-02
  3.277210e-01   9.784859e+00   6.285800e-02
  3.304550e-01   9.296538e+00   6.268990e-02
  3.331890e-01   1.024957e+01   6.244080e-02
  3.359230e-01   1.014015e+01   6.251000e-02
  3.386570e-01   9.739149e+00   6.143100e-02
  3.413910e-01   9.931295e+00   6.015750e-02
  3.441250e-01   9.522547e+00   6.098500e-02
  3.468590e-01   9.648519e+00   6.031320e-02
  3.495930e-01   9.706617e+00   6.071750e-02
  3.523270e-01   9.680564e+00   5.948220e-02
  3.550610e-01   9.355623e+00   5.907890e-02
  3.577950e-01   9.712612e+00   5.920270e-02
  3.605300e-01   9.620975e+00   5.951350e-02
  3.632640e-01   9.548170e+00   5.935700e-02
  3.659980e-01   9.083605e+00   5.818450e-02
  3.687320e-01   9.705797e+00   5.827010e-02
  3.714660e-01   1.023867e+01   5.926410e-02
  3.742000e-01   9.451964e+00   5.732750e-02
  3.769340e-01   9.202007e+00   5.822020e-02
  3.796680e-01   9.659876e+00   5.756810e-02
  3.824020e-01   9.504098e+00   5.772010e-02
  3.851360e-01   9.084334e+00   5.800240e-02
  3.878700e-01   9.050247e+00   5.670820e-02
  3.906040e-01   9.137138e+00   5.762820e-02
  3.933380e-01   9.375185e+00   5.646600e-02
  3.960720e-01   9.431356e+00   5.684580e-02
  3.988060e-01   9.014976e+00   5.617730e-02
  4.015400e-01   9.499405e+00   5.677150e-02
  4.042740e-01   9.319655e+00   5.684970e-02
  4.070080e-01   8.943782e+00   5.610000e-02
  4.097420e-01   9.654850e+00   5.579410e-02
  4.124760e-01   9.386862e+00   5.561550e-02
  4.152100e-01   9.023567e+00   5.587060e-02
  4.179440e-01   9.111305e+00   5.601580e-02
  4.206780e-01   8.857087e+00   5.488040e-02
  4.234130e-01   9.173533e+00   5.532700e-02
  4.261470e-01   9.284626e+00   5.431040e-02
  4.288810e-01   9.024773e+00   5.503330e-02
  4.316150e-01   8.898277e+00   5.454380e-02
  4.343490e-01   8.980239e+00   5.397100e-02
  4.370830e-01   8.878773e+00   5.471390e-02
  4.398170e-01   9.382820e+00   5.389220e-02
  4.425510e-01   8.864395e+00   5.423830e-02
  4.452850e-01   8.847607e+00   5.319070e-02
  4.480190e-01   8.732527e+00   5.338310e-02
  4.507530e-01   8.928730e+00   5.342820e-02
  4.534870e-01   8.982442e+00   5.304260e-02
  4.562210e-01   9.087725e+00   5.349280e-02
  4.589550e-01   8.538908e+00   5.255370e-02
  4.616890e-01   8.591580e+00   5.310960e-02
  4.644230e-01   8.897299e+00   5.311200e-02
  4.671570e-01   8.721343e+00   5.190750e-02
  4.698910e-01   8.258194e+00   5.275770e-02
  4.726250e-01   8.785391e+00   5.186610e-02
  4.753590e-01   8.891363e+00   5.208190e-02
  4.780930e-01   8.438478e+00   5.134650e-02
  4.808270e-01   8.708419e+00   5.157010e-02
  4.835610e-01   8.620091e+00   5.197140e-02
  4.862960e-01   8.500077e+00   5.137960e-02
  4.890300e-01   8.202558e+00   5.161220e-02
  4.917640e-01   8.531798e+00   5.089790e-02
  4.944980e-01   8.576057e+00   5.082170e-02
  4.972320e-01   8.234661e+00   5.106630e-02
  4.999660e-01   8.436469e+00   5.074160e-02
  5.027000e-01   8.506764e+00   5.022770e-02
  5.054340e-01   8.325016e+00   5.046080e-02
  5.081680e-01   8.337338e+00   5.066180e-02
  5.109020e-01   8.342523e+00   5.061950e-02
  5.136360e-01   8.069362e+00   5.014940e-02
  5.163700e-01   8.590378e+00   5.052880e-02
  5.191040e-01   8.032982e+00   5.028100e-02
  5.218380e-01   8.368879e+00   5.029450e-02
  5.245720e-01   8.204590e+00   4.993140e-02
  5.273060e-01   8.277180e+00   4.960800e-02
  5.300400e-01   8.279250e+00   5.016390e-02
  5.327740e-01   8.219610e+00   4.918370e-02
  5.355080e-01   8.236260e+00   4.974920e-02
  5.382420e-01   8.215240e+00   4.974470e-02
  5.409760e-01   8.240640e+00   4.946470e-02
  5.437100e-01   8.165610e+00   4.948700e-02
  5.464450e-01   8.122670e+00   4.897360e-02
  5.491790e-01   8.072110e+00   4.874430e-02
  5.519130e-01   8.092740e+00   4.857570e-02
  5.546470e-01   8.013890e+00   4.864740e-02
  5.573810e-01   8.006370e+00   4.874610e-02
  5.601150e-01   8.057140e+00   4.795120e-02
  5.628490e-01   7.988640e+00   4.796800e-02
  5.655830e-01   7.979610e+00   4.818060e-02
  5.683170e-01   7.904970e+00   4.804490e-02
  5.710510e-01   7.922150e+00   4.768080e-02
  5.737850e-01   7.916070e+00   4.760950e-02
  5.765190e-01   7.831090e+00   4.736260e-02
  5.792530e-01   7.954420e+00   4.795090e-02
  5.819870e-01   7.876560e+00   4.730260e-02
  5.847210e-01   7.831260e+00   4.752050e-02
  5.874550e-01   7.870160e+00   4.736500e-02
  5.901890e-01   7.802270e+00   4.707510e-02
  5.929230e-01   7.758040e+00   4.737910e-02
  5.956570e-01   7.787510e+00   4.675240e-02
  5.983910e-01   7.780690e+00   4.689650e-02
  6.011250e-01   7.699980e+00   4.680770e-02
  6.038590e-01   7.720150e+00   4.668340e-02
  6.065930e-01   7.683770e+00   4.631100e-02
  6.093280e-01   7.676420e+00   4.655790e-02
  6.120620e-01   7.615860e+00   4.620140e-02
  6.147960e-01   7.597270e+00   4.633770e-02
  6.175300e-01   7.637130e+00   4.588200e-02
  6.202640e-01   7.556460e+00   4.611430e-02
  6.229980e-01   7.599930e+00   4.606380e-02
  6.257320e-01   7.533640e+00   4.571790e-02
  6.284660e-01   7.454900e+00   4.515630e-02
  6.312000e-01   7.487080e+00   4.508130e-02
  6.339340e-01   7.457180e+00   4.563350e-02
  6.366680e-01   7.424510e+00   4.514100e-02
  6.394020e-01   7.400290e+00   4.495450e-02
  6.421360e-01   7.301210e+00   4.447190e-02
  6.448700e-01   7.382820e+00   4.470490e-02
  6.476040e-01   7.353890e+00   4.496580e-02
  6.503380e-01   7.230520e+00   4.447890e-02
  6.530720e-01   7.262460e+00   4.392510e-02
  6.558060e-01   7.264020e+00   4.460470e-02
  6.585400e-01   7.230540e+00   4.373770e-02
  6.612740e-01   7.181920e+00   4.440970e-02
  6.640080e-01   7.156490e+00   4.357280e-02
  6.667420e-01   7.208090e+00   4.370060e-02
  6.694760e-01   7.133770e+00   4.361110e-02
  6.722110e-01   7.075790e+00   4.333920e-02
  6.749450e-01   7.061590e+00   4.366700e-02
  6.776790e-01   7.059370e+00   4.274180e-02
  6.804130e-01   7.028070e+00   4.325740e-02
  6.831470e-01   6.965860e+00   4.311800e-02
  6.858810e-01   6.994950e+00   4.280750e-02
  6.886150e-01   6.950100e+00   4.310390e-02
  6.913490e-01   6.973240e+00   4.258370e-02
  6.940830e-01   6.949080e+00   4.267140e-02
  6.968170e-01   6.893810e+00   4.239960e-02
  6.995510e-01   6.851330e+00   4.183460e-02
  7.022850e-01   6.849000e+00   4.215440e-02
  7.050190e-01   6.862180e+00   4.237510e-02
  7.077530e-01   6.776950e+00   4.212640e-02
  7.104870e-01   6.790280e+00   4.152230e-02
  7.132210e-01   6.757820e+00   4.169520e-02
  7.159550e-01   6.727440e+00   4.165160e-02
  7.186890e-01   6.660980e+00   4.152940e-02
  7.214230e-01   6.738370e+00   4.167710e-02
  7.241570e-01   6.669730e+00   4.119460e-02
  7.268910e-01   6.590340e+00   4.082370e-02
  7.296250e-01   6.608240e+00   4.090500e-02
  7.323590e-01   6.574570e+00   4.077460e-02
  7.350940e-01   6.581340e+00   4.074020e-02
  7.378280e-01   6.507080e+00   4.012280e-02
  7.405620e-01   6.513660e+00   4.046420e-02
  7.432960e-01   6.467840e+00   4.028670e-02
  7.460300e-01   6.400360e+00   3.966270e-02
  7.487640e-01   6.398970e+00   3.970370e-02
  7.514980e-01   6.326820e+00   3.963670e-02
  7.542320e-01   6.334040e+00   3.972390e-02
  7.569660e-01   6.321130e+00   3.935140e-02
  7.597000e-01   6.279690e+00   3.944860e-02
  7.624340e-01   6.295530e+00   3.945660e-02
  7.651680e-01   6.286730e+00   3.945670e-02
  7.679020e-01   6.278830e+00   3.926930e-02
  7.706360e-01   6.244660e+00   3.909710e-02
  7.733700e-01   6.206780e+00   3.925540e-02
  7.761040e-01   6.177740e+00   3.920940e-02
  7.788380e-01   6.142340e+00   3.901080e-02
  7.815720e-01   6.087040e+00   3.863120e-02
  7.843060e-01   6.092630e+00   3.892260e-02
  7.870400e-01   6.072800e+00   3.925730e-02
  7.897740e-01   6.062770e+00   3.895370e-02
  7.925080e-01   6.027470e+00   3.882450e-02
  7.952420e-01   5.999180e+00   3.878150e-02
  7.979770e-01   5.976920e+00   3.872700e-02
  8.007110e-01   5.946900e+00   3.924030e-02
  8.034450e-01   5.904750e+00   3.835130e-02
  8.061790e-01   5.922950e+00   3.894700e-02
  8.089130e-01   5.864000e+00   3.852040e-02
  8.116470e-01   5.853910e+00   3.873170e-02
  8.143810e-01   5.751500e+00   3.805790e-02
  8.171150e-01   5.764820e+00   3.813790e-02
  8.198490e-01   5.746660e+00   3.852640e-02
  8.225830e-01   5.727430e+00   3.829750e-02
  8.253170e-01   5.671640e+00   3.809600e-02
  8.280510e-01   5.703350e+00   3.814130e-02
  8.307850e-01   5.576120e+00   3.749200e-02
  8.335190e-01   5.624350e+00   3.822870e-02
  8.362530e-01   5.618300e+00   3.783580e-02
  8.389870e-01   5.606080e+00   3.774520e-02
  8.417210e-01   5.595620e+00   3.802480e-02
  8.444550e-01   5.508390e+00   3.748230e-02
  8.471890e-01   5.473940e+00   3.758470e-02
  8.499230e-01   5.495220e+00   3.708010e-02
  8.526570e-01   5.364850e+00   3.732550e-02
  8.553910e-01   5.445270e+00   3.737710e-02
  8.581250e-01   5.397890e+00   3.756170e-02
  8.608600e-01   5.376060e+00   3.718400e-02
  8.635940e-01   5.360170e+00   3.690620e-02
  8.663280e-01   5.334680e+00   3.718720e-02
  8.690620e-01   5.276860e+00   3.687090e-02
  8.717960e-01   5.284330e+00   3.688340e-02
  8.745300e-01   5.277410e+00   3.690740e-02
  8.772640e-01   5.276810e+00   3.682470e-02
  8.799980e-01   5.214280e+00   3.674870e-02
  8.827320e-01   5.249590e+00   3.695210e-02
  8.854660e-01   5.182240e+00   3.636620e-02
  8.882000e-01   5.097220e+00   3.633190e-02
  8.909340e-01   5.080690e+00   3.606270e-02
  8.936680e-01   5.055400e+00   3.630050e-02
  8.964020e-01   5.089660e+00   3.629230e-02
  8.991360e-01   5.016610e+00   3.589460e-02
  9.018700e-01   5.005820e+00   3.592990e-02
  9.046040e-01   5.001390e+00   3.614080e-02
  9.073380e-01   4.955310e+00   3.568010e-02
  9.100720e-01   4.926480e+00   3.588310e-02
  9.128060e-01   4.872970e+00   3.558700e-02
  9.155400e-01   4.897050e+00   3.534110e-02
  9.182740e-01   4.834880e+00   3.562140e-02
  9.210090e-01   4.876570e+00   3.554460e-02
  9.237430e-01   4.819100e+00   3.547910e-02
  9.264770e-01   4.798910e+00   3.551530e-02
  9.292110e-01   4.703610e+00   3.463140e-02
  9.319450e-01   4.733900e+00   3.511330e-02
  9.346790e-01   4.697630e+00   3.495780e-02
  9.374130e-01   4.676330e+00   3.515550e-02
  9.401470e-01   4.715810e+00   3.519560e-02
  9.428810e-01   4.705880e+00   3.474160e-02
  9.456150e-01   4.630950e+00   3.495410e-02
  9.483490e-01   4.589340e+00   3.436180e-02
  9.510830e-01   4.569700e+00   3.469500e-02
  9.538170e-01   4.606190e+00   3.468380e-02
  9.565510e-01   4.527350e+00   3.441450e-02
  9.592850e-01   4.513490e+00   3.469570e-02
  9.620190e-01   4.482410e+00   3.403860e-02
  9.647530e-01   4.473700e+00   3.431920e-02
  9.674870e-01   4.452140e+00   3.407840e-02
  9.702210e-01   4.400470e+00   3.407120e-02
  9.729550e-01   4.386440e+00   3.411190e-02
  9.756890e-01   4.383210e+00   3.372030e-02
  9.784230e-01   4.415150e+00   3.443310e-02
  9.811570e-01   4.349010e+00   3.356390e-02
  9.838920e-01   4.359870e+00   3.405340e-02
  9.866260e-01   4.283420e+00   3.361780e-02
  9.893600e-01   4.289910e+00   3.360870e-02
  9.920940e-01   4.285790e+00   3.390200e-02
  9.948280e-01   4.161920e+00   3.310240e-02
  9.975620e-01   4.175360e+00   3.330150e-02
  1.000300e+00   4.135610e+00   3.270210e-02
  1.003030e+00   4.133660e+00   3.314210e-02
  1.005760e+00   4.129000e+00   3.296600e-02
  1.008500e+00   4.126490e+00   3.311860e-02
  1.011230e+00   4.151050e+00   3.318760e-02
  1.013970e+00   4.094630e+00   3.262610e-02
  1.016700e+00   4.096470e+00   3.305950e-02
  1.019430e+00   4.053120e+00   3.288870e-02
  1.022170e+00   3.991010e+00   3.259480e-02
  1.024900e+00   3.996530e+00   3.279610e-02
  1.027640e+00   3.944120e+00   3.200490e-02
  1.030370e+00   3.962250e+00   3.270140e-02
  1.033100e+00   3.869860e+00   3.207840e-02
  1.035840e+00   3.946010e+00   3.245810e-02
  1.038570e+00   3.927800e+00   3.255500e-02
  1.041310e+00   3.860180e+00   3.204770e-02
  1.044040e+00   3.840820e+00   3.236880e-02
  1.046770e+00   3.817660e+00   3.176860e-02
  1.049510e+00   3.818710e+00   3.191800e-02
  1.052240e+00   3.826660e+00   3.207920e-02
  1.054980e+00   3.758120e+00   3.170290e-02
  1.057710e+00   3.737830e+00   3.191520e-02
  1.060440e+00   3.715990e+00   3.153730e-02
  1.063180e+00   3.650440e+00   3.144500e-02
  1.065910e+00   3.628490e+00   3.111630e-02
  1.068650e+00   3.615830e+00   3.117410e-02
  1.071380e+00   3.648820e+00   3.142690e-02
  1.074110e+00   3.644600e+00   3.122400e-02
  1.076850e+00   3.613670e+00   3.132810e-02
  1.079580e+00   3.562830e+00   3.090820e-02
  1.082320e+00   3.548110e+00   3.082760e-02
  1.085050e+00   3.537760e+00   3.107850e-02
  1.087790e+00   3.506730e+00   3.067040e-02
  1.090520e+00   3.524310e+00   3.104720e-02
  1.093250e+00   3.422270e+00   3.034570e-02
  1.095990e+00   3.472850e+00   3.067820e-02
  1.098720e+00   3.431510e+00   3.081140e-02
  1.101460e+00   3.429870e+00   3.051100e-02
  1.104190e+00   3.403810e+00   3.040440e-02
  1.106920e+00   3.379000e+00   3.045340e-02
  1.109660e+00   3.351680e+00   3.022550e-02
  1.112390e+00   3.339730e+00   3.035630e-02
  1.115130e+00   3.313980e+00   2.982080e-02
  1.117860e+00   3.289110e+00   3.013730e-02
  1.120590e+00   3.275780e+00   2.996480e-02
  1.123330e+00   3.273160e+00   2.991890e-02
  1.126060e+00   3.235140e+00   3.009920e-02
  1.128800e+00   3.232510e+00   2.964310e-02
  1.131530e+00   3.208010e+00   2.974720e-02
  1.134260e+00   3.201170e+00   2.972730e-02
  1.137000e+00   3.135170e+00   2.928330e-02
  1.139730e+00   3.151440e+00   2.943670e-02
  1.142470e+00   3.096500e+00   2.947700e-02
  1.145200e+00   3.103740e+00   2.927120e-02
  1.147930e+00   3.094080e+00   2.932970e-02
  1.150670e+00   3.082360e+00   2.903370e-02
  1.153400e+00   3.037710e+00   2.916910e-02
  1.156140e+00   3.017630e+00   2.888130e-02
  1.158870e+00   2.971240e+00   2.890120e-02
  1.161600e+00   3.014220e+00   2.896180e-02
  1.164340e+00   3.011430e+00   2.884060e-02
  1.167070e+00   2.942090e+00   2.895930e-02
  1.169810e+00   2.904380e+00   2.854500e-02
  1.172540e+00   2.903730e+00   2.867070e-02
  1.175270e+00   2.865850e+00   2.828970e-02
  1.178010e+00   2.920060e+00   2.851280e-02
  1.180740e+00   2.886840e+00   2.867210e-02
  1.183480e+00   2.861910e+00   2.832850e-02
  1.186210e+00   2.814700e+00   2.811270e-02
  1.188940e+00   2.844320e+00   2.826560e-02
  1.191680e+00   2.768930e+00   2.808880e-02
  1.194410e+00   2.802290e+00   2.824500e-02
  1.197150e+00   2.775010e+00   2.804450e-02
  1.199880e+00   2.785900e+00   2.801530e-02
  1.202620e+00   2.741890e+00   2.790070e-02
  1.205350e+00   2.683980e+00   2.755820e-02
  1.208080e+00   2.697060e+00   2.771170e-02
  1.210820e+00   2.667900e+00   2.754660e-02
  1.213550e+00   2.724620e+00   2.798870e-02
  1.216290e+00   2.654220e+00   2.768840e-02
  1.219020e+00   2.597150e+00   2.721540e-02
  1.221750e+00   2.629600e+00   2.753270e-02
  1.224490e+00   2.620530e+00   2.725990e-02
  1.227220e+00   2.574620e+00   2.735780e-02
  1.229960e+00   2.615610e+00   2.912240e-02
  1.232690e+00   2.574200e+00   2.962100e-02
  1.238160e+00   2.547500e+00   3.014450e-02
  1.240890e+00   2.521950e+00   3.101930e-02
  1.243630e+00   2.467690e+00   3.141040e-02
  1.246360e+00   2.487070e+00   3.155330e-02
  1.249090e+00   2.470350e+00   3.169990e-02
  1.251830e+00   2.456540e+00   3.250590e-02
  1.254560e+00   2.417780e+00   3.237410e-02
  1.257300e+00   2.422670e+00   3.288670e-02
  1.260030e+00   2.485550e+00   3.391180e-02
  1.262760e+00   2.368100e+00   3.420380e-02
  1.265500e+00   2.345440e+00   3.097590e-02
  1.268230e+00   2.284670e+00   2.983720e-02
  1.270970e+00   2.355340e+00   2.958760e-02
  1.273700e+00   2.351380e+00   2.932750e-02
  1.276430e+00   2.328650e+00   2.863980e-02
  1.279170e+00   2.299230e+00   2.883210e-02
  1.281900e+00   2.257380e+00   2.834830e-02
  1.284640e+00   2.276650e+00   2.834970e-02
  1.287370e+00   2.224040e+00   2.796910e-02
  1.290100e+00   2.266800e+00   2.769810e-02
  1.292840e+00   2.187300e+00   2.708620e-02
  1.295570e+00   2.163340e+00   2.707730e-02
  1.298310e+00   2.144020e+00   2.660330e-02
  1.301040e+00   2.152490e+00   2.679250e-02
  1.303770e+00   2.122030e+00   2.618210e-02
  1.306510e+00   2.087420e+00   2.600470e-02
  1.309240e+00   2.129580e+00   2.639770e-02
  1.311980e+00   2.069550e+00   2.595960e-02
  1.314710e+00   2.135700e+00   2.607790e-02
  1.317440e+00   2.046160e+00   2.559210e-02
  1.320180e+00   2.067760e+00   2.571350e-02
  1.322910e+00   2.002140e+00   2.587570e-02
  1.325650e+00   1.998880e+00   2.533850e-02
  1.328380e+00   2.006680e+00   2.539510e-02
  1.331120e+00   1.982790e+00   2.543400e-02
  1.333850e+00   1.999560e+00   2.560360e-02
  1.336580e+00   1.968150e+00   2.559250e-02
  1.339320e+00   1.920730e+00   2.468870e-02
  1.342050e+00   1.944540e+00   2.530360e-02
  1.344790e+00   1.949640e+00   2.528480e-02
  1.347520e+00   1.922130e+00   2.524140e-02
  1.350250e+00   1.932280e+00   2.513750e-02
  1.352990e+00   1.890090e+00   2.506160e-02
  1.355720e+00   1.881690e+00   2.505360e-02
  1.358460e+00   1.893460e+00   2.507370e-02
  1.361190e+00   1.845320e+00   2.449040e-02
  1.363920e+00   1.811830e+00   2.462000e-02
  1.366660e+00   1.830470e+00   2.468750e-02
  1.369390e+00   1.799020e+00   2.465360e-02
  1.372130e+00   1.757340e+00   2.424970e-02
  1.374860e+00   1.788730e+00   2.442850e-02
  1.377590e+00   1.820380e+00   2.446540e-02
  1.380330e+00   1.748640e+00   2.440540e-02
  1.383060e+00   1.734220e+00   2.435370e-02
  1.385800e+00   1.747160e+00   2.412510e-02
  1.388530e+00   1.712730e+00   2.408530e-02
  1.391260e+00   1.694590e+00   2.412430e-02
  1.394000e+00   1.676370e+00   2.377280e-02
  1.396730e+00   1.660760e+00   2.413830e-02
  1.399470e+00   1.640050e+00   2.387950e-02
  1.402200e+00   1.668150e+00   2.393220e-02
  1.404930e+00   1.630250e+00   2.382790e-02
  1.407670e+00   1.671620e+00   2.378200e-02
  1.410400e+00   1.608370e+00   2.381540e-02
  1.413140e+00   1.593570e+00   2.384250e-02
  1.415870e+00   1.594870e+00   2.359480e-02
  1.418600e+00   1.592440e+00   2.352090e-02
  1.421340e+00   1.550420e+00   2.331030e-02
  1.424070e+00   1.548530e+00   2.346640e-02
  1.426810e+00   1.548200e+00   2.331270e-02
  1.429540e+00   1.524920e+00   2.334880e-02
  1.432270e+00   1.496830e+00   2.295390e-02
  1.435010e+00   1.532710e+00   2.343320e-02
  1.437740e+00   1.482260e+00   2.313900e-02
  1.440480e+00   1.492790e+00   2.303600e-02
  1.443210e+00   1.498440e+00   2.292880e-02
  1.445940e+00   1.440200e+00   2.296710e-02
  1.448680e+00   1.458150e+00   2.309110e-02
  1.451410e+00   1.446460e+00   2.295820e-02
  1.454150e+00   1.429610e+00   2.260070e-02
  1.456880e+00   1.389730e+00   2.259970e-02
  1.459620e+00   1.422050e+00   2.258120e-02
  1.462350e+00   1.387810e+00   2.239520e-02
  1.465080e+00   1.371570e+00   2.243780e-02
  1.467820e+00   1.356230e+00   2.225550e-02
  1.470550e+00   1.365450e+00   2.215500e-02
  1.473290e+00   1.328750e+00   2.191270e-02
  1.476020e+00   1.317160e+00   2.191840e-02
  1.478750e+00   1.307520e+00   2.159960e-02
  1.481490e+00   1.305170e+00   2.199660e-02
  1.484220e+00   1.313920e+00   2.182160e-02
  1.486960e+00   1.265790e+00   2.205410e-02
  1.489690e+00   1.299520e+00   2.148750e-02
  1.492420e+00   1.270070e+00   2.176450e-02
  1.495160e+00   1.281400e+00   2.172910e-02
  1.497890e+00   1.240540e+00   2.153700e-02
  1.500630e+00   1.276190e+00   2.176770e-02
  1.503360e+00   1.284590e+00   2.172910e-02
  1.506090e+00   1.245860e+00   2.169470e-02
  1.508830e+00   1.229820e+00   2.152160e-02
  1.511560e+00   1.211330e+00   2.146400e-02
  1.514300e+00   1.188300e+00   2.133120e-02
  1.517030e+00   1.188750e+00   2.155670e-02
  1.519760e+00   1.172440e+00   2.125700e-02
  1.522500e+00   1.143040e+00   2.126510e-02
  1.525230e+00   1.160710e+00   2.121190e-02
  1.527970e+00   1.154740e+00   2.123780e-02
  1.530700e+00   1.123560e+00   2.110940e-02
  1.533430e+00   1.131370e+00   2.108020e-02
  1.536170e+00   1.104910e+00   2.106250e-02
  1.538900e+00   1.096500e+00   2.071360e-02
  1.541640e+00   1.142380e+00   2.129110e-02
  1.544370e+00   1.099820e+00   2.089370e-02
  1.547100e+00   1.078370e+00   2.083370e-02
  1.549840e+00   1.083200e+00   2.095990e-02
  1.552570e+00   1.035620e+00   2.089050e-02
  1.555310e+00   1.050510e+00   2.080690e-02
  1.558040e+00   1.053610e+00   2.095720e-02
  1.560770e+00   1.063650e+00   2.072870e-02
  1.563510e+00   1.055020e+00   2.094780e-02
  1.566240e+00   1.016630e+00   2.082390e-02
  1.568980e+00   1.016810e+00   2.058810e-02
  1.571710e+00   1.007160e+00   2.064020e-02
  1.574440e+00   1.016310e+00   2.075210e-02
  1.577180e+00   9.819040e-01   2.067970e-02
  1.579910e+00   9.797970e-01   2.066940e-02
  1.582650e+00   9.696760e-01   2.030170e-02
  1.585380e+00   9.489290e-01   2.045450e-02
  1.588120e+00   9.722080e-01   2.046770e-02
  1.590850e+00   9.476740e-01   2.029200e-02
  1.593580e+00   9.303140e-01   2.027290e-02
  1.596320e+00   9.325750e-01   2.021000e-02
  1.599050e+00   9.159500e-01   2.025860e-02
  1.601790e+00   9.162070e-01   2.030840e-02
  1.604520e+00   8.790420e-01   2.013230e-02
  1.607250e+00   8.866560e-01   2.007170e-02
  1.609990e+00   9.029240e-01   2.007100e-02
  1.612720e+00   8.809230e-01   2.012990e-02
  1.615460e+00   8.864830e-01   2.004150e-02
  1.618190e+00   8.845200e-01   2.004690e-02
  1.620920e+00   8.595690e-01   2.002580e-02
  1.623660e+00   8.700250e-01   1.995710e-02
  1.626390e+00   8.460380e-01   1.986880e-02
  1.629130e+00   8.625920e-01   1.982200e-02
  1.631860e+00   8.491530e-01   1.984590e-02
  1.634590e+00   8.444590e-01   1.992870e-02
  1.637330e+00   7.807840e-01   1.981000e-02
  1.640060e+00   8.092590e-01   1.950020e-02
  1.642800e+00   7.877130e-01   1.977620e-02
  1.645530e+00   8.050180e-01   1.980220e-02
  1.648260e+00   7.926150e-01   1.974960e-02
  1.651000e+00   7.639990e-01   1.937720e-02
  1.653730e+00   7.656040e-01   1.957140e-02
  1.656470e+00   7.798660e-01   1.999890e-02
  1.659200e+00   7.587710e-01   1.953660e-02
  1.661930e+00   7.427660e-01   1.945510e-02
  1.664670e+00   7.240780e-01   1.941500e-02
  1.667400e+00   7.371480e-01   1.939350e-02
  1.670140e+00   7.538610e-01   1.962330e-02
  1.672870e+00   7.172410e-01   1.942090e-02
  1.675600e+00   7.300790e-01   1.934200e-02
  1.678340e+00   7.197190e-01   1.948620e-02
  1.681070e+00   7.124280e-01   1.934790e-02
  1.683810e+00   6.982800e-01   1.946320e-02
  1.686540e+00   6.950300e-01   1.908960e-02
  1.689270e+00   6.816590e-01   1.920970e-02
  1.692010e+00   6.712200e-01   1.906240e-02
  1.694740e+00   7.047000e-01   1.925610e-02
  1.697480e+00   6.586110e-01   1.898590e-02
  1.700210e+00   6.786670e-01   1.924550e-02
  1.702950e+00   6.355180e-01   1.906640e-02
  1.705680e+00   6.834300e-01   1.913530e-02
  1.708410e+00   6.861620e-01   1.900500e-02
  1.711150e+00   6.410540e-01   1.895270e-02
  1.713880e+00   6.411310e-01   1.907710e-02
  1.716620e+00   6.092320e-01   1.892260e-02
  1.719350e+00   6.303680e-01   1.881700e-02
  1.722080e+00   6.244900e-01   1.887170e-02
  1.724820e+00   6.328230e-01   1.878730e-02
  1.727550e+00   6.002030e-01   1.881810e-02
  1.730290e+00   6.147570e-01   1.889750e-02
  1.733020e+00   6.024660e-01   1.888930e-02
  1.735750e+00   5.919720e-01   1.884480e-02
  1.738490e+00   5.882310e-01   1.868770e-02
  1.741220e+00   5.644670e-01   1.869810e-02
  1.743960e+00   6.010960e-01   1.879650e-02
  1.746690e+00   5.574770e-01   1.854500e-02
  1.749420e+00   5.947340e-01   1.872510e-02
  1.752160e+00   5.476960e-01   1.846820e-02
  1.754890e+00   5.555980e-01   1.861190e-02
  1.757630e+00   5.195000e-01   1.839330e-02
  1.760360e+00   5.575180e-01   1.856620e-02
  1.763090e+00   5.534430e-01   1.839960e-02
  1.765830e+00   5.404360e-01   1.850510e-02
  1.768560e+00   5.214060e-01   1.859050e-02
  1.771300e+00   4.901270e-01   1.841470e-02
  1.774030e+00   5.254170e-01   1.849490e-02
  1.776760e+00   5.459260e-01   1.851800e-02
  1.779500e+00   5.166150e-01   1.837340e-02
  1.782230e+00   5.071350e-01   1.822460e-02
  1.784970e+00   5.111170e-01   1.840870e-02
  1.787700e+00   5.016950e-01   1.832470e-02
  1.790430e+00   4.966430e-01   1.833060e-02
  1.793170e+00   4.792330e-01   1.833730e-02
  1.795900e+00   5.073470e-01   1.809420e-02
  1.798640e+00   4.762270e-01   1.830230e-02
  1.801370e+00   4.963160e-01   1.846760e-02
  1.804100e+00   4.639890e-01   1.831410e-02
  1.806840e+00   4.812090e-01   1.815500e-02
  1.809570e+00   4.358680e-01   1.816760e-02
  1.812310e+00   4.853720e-01   1.825350e-02
  1.815040e+00   4.283550e-01   1.821410e-02
  1.817770e+00   4.541450e-01   1.806870e-02
  1.820510e+00   4.443310e-01   1.828870e-02
  1.823240e+00   4.253220e-01   1.814300e-02
  1.825980e+00   4.262850e-01   1.809830e-02
  1.828710e+00   4.406650e-01   1.801590e-02
  1.831450e+00   4.307030e-01   1.783560e-02
  1.834180e+00   4.445490e-01   1.820100e-02
  1.836910e+00   4.664190e-01   1.822310e-02
  1.839650e+00   4.299750e-01   1.809560e-02
  1.842380e+00   3.957270e-01   1.781020e-02
  1.845120e+00   4.093730e-01   1.774640e-02
  1.847850e+00   4.083990e-01   1.796230e-02
  1.850580e+00   4.299990e-01   1.787210e-02
  1.853320e+00   4.173570e-01   1.795370e-02
  1.856050e+00   4.161930e-01   1.791810e-02
  1.858790e+00   4.096400e-01   1.783340e-02
  1.861520e+00   4.067750e-01   1.789280e-02
  1.864250e+00   4.121270e-01   1.777890e-02
  1.866990e+00   4.025480e-01   1.780230e-02
  1.869720e+00   3.696270e-01   1.780660e-02
  1.872460e+00   3.888630e-01   1.761550e-02
  1.875190e+00   3.925960e-01   1.773020e-02
  1.877920e+00   3.766420e-01   1.758680e-02
  1.880660e+00   3.930540e-01   1.775490e-02
  1.883390e+00   3.886310e-01   1.769890e-02
  1.886130e+00   3.829610e-01   1.772060e-02
  1.888860e+00   3.522900e-01   1.756940e-02
  1.891590e+00   3.686020e-01   1.757980e-02
  1.894330e+00   3.745640e-01   1.751260e-02
  1.897060e+00   3.573670e-01   1.757850e-02
  1.899800e+00   3.892150e-01   1.769660e-02
  1.902530e+00   3.624110e-01   1.732720e-02
  1.905260e+00   3.413960e-01   1.758220e-02
  1.908000e+00   3.669480e-01   1.747780e-02
  1.910730e+00   3.391880e-01   1.739840e-02
  1.913470e+00   3.509510e-01   1.768030e-02
  1.916200e+00   3.459560e-01   1.746300e-02
  1.918930e+00   3.242790e-01   1.738780e-02
  1.921670e+00   3.207280e-01   1.753610e-02
  1.924400e+00   3.188600e-01   1.726220e-02
  1.927140e+00   3.248190e-01   1.741140e-02
  1.929870e+00   3.200670e-01   1.741160e-02
  1.932600e+00   3.468170e-01   1.749350e-02
  1.935340e+00   3.322010e-01   1.745780e-02
  1.938070e+00   3.513730e-01   1.746020e-02
  1.940810e+00   3.295080e-01   1.738330e-02
  1.943540e+00   3.383160e-01   1.729640e-02
  1.946270e+00   3.145740e-01   1.727350e-02
  1.949010e+00   3.147090e-01   1.735860e-02
  1.951740e+00   3.162960e-01   1.729860e-02
  1.954480e+00   3.132820e-01   1.741450e-02
  1.957210e+00   3.256450e-01   1.735100e-02
  1.959950e+00   3.205160e-01   1.724830e-02
  1.962680e+00   3.160370e-01   1.743300e-02
  1.965410e+00   2.781500e-01   1.717210e-02
  1.968150e+00   3.156680e-01   1.732080e-02
  1.970880e+00   3.092460e-01   1.728420e-02
  1.973620e+00   2.996100e-01   1.735930e-02
  1.976350e+00   2.838490e-01   1.725180e-02
  1.979080e+00   3.081280e-01   1.735300e-02
  1.981820e+00   2.888150e-01   1.725620e-02
  1.984550e+00   2.787520e-01   1.714000e-02
  1.987290e+00   2.761810e-01   1.712000e-02
  1.990020e+00   2.890910e-01   1.723720e-02
  1.992750e+00   2.880140e-01   1.727940e-02
  1.995490e+00   3.113340e-01   1.719690e-02
  1.998220e+00   2.494200e-01   1.688560e-02
  2.000960e+00   2.755910e-01   1.704110e-02
  2.003690e+00   2.761440e-01   1.718540e-02
  2.006420e+00   2.666840e-01   1.710200e-02
  2.009160e+00   2.866840e-01   1.704280e-02
  2.011890e+00   2.930120e-01   1.715740e-02
  2.014630e+00   2.929390e-01   1.712230e-02
  2.017360e+00   2.522370e-01   1.717690e-02
  2.020090e+00   2.737690e-01   1.701280e-02
  2.022830e+00   2.653820e-01   1.697080e-02
  2.025560e+00   2.645120e-01   1.723060e-02
  2.028300e+00   2.586930e-01   1.688100e-02
  2.031030e+00   2.469140e-01   1.726590e-02
  2.033760e+00   2.421180e-01   1.709050e-02
  2.036500e+00   2.626880e-01   1.694850e-02
  2.039230e+00   2.352360e-01   1.688620e-02
  2.041970e+00   2.678260e-01   1.716800e-02
  2.044700e+00   2.501700e-01   1.702300e-02
  2.047430e+00   2.692370e-01   1.690410e-02
  2.050170e+00   2.766400e-01   1.700640e-02
  2.052900e+00   2.473260e-01   1.702310e-02
  2.055640e+00   2.748920e-01   1.704130e-02
  2.058370e+00   2.192230e-01   1.697150e-02
  2.061100e+00   2.533700e-01   1.695050e-02
  2.063840e+00   2.552430e-01   1.693150e-02
  2.066570e+00   2.560770e-01   1.712310e-02
  2.069310e+00   2.318240e-01   1.700490e-02
  2.072040e+00   2.637320e-01   1.707280e-02
  2.074770e+00   2.384640e-01   1.694560e-02
  2.077510e+00   2.397110e-01   1.677540e-02
  2.080240e+00   2.354060e-01   1.677210e-02
  2.082980e+00   2.000410e-01   1.682510e-02
  2.085710e+00   2.286880e-01   1.698940e-02
  2.088450e+00   2.239330e-01   1.678230e-02
  2.091180e+00   2.407750e-01   1.695090e-02
  2.093910e+00   2.525030e-01   1.695320e-02
  2.096650e+00   2.371270e-01   1.682370e-02
  2.099380e+00   2.195830e-01   1.669580e-02
  2.102120e+00   2.182910e-01   1.683800e-02
  2.104850e+00   2.325130e-01   1.699540e-02
  2.107580e+00   2.084490e-01   1.675640e-02
  2.110320e+00   2.047700e-01   1.673640e-02
  2.113050e+00   2.000080e-01   1.664510e-02
  2.115790e+00   2.477460e-01   1.682910e-02
  2.118520e+00   2.325020e-01   1.674620e-02
  2.121250e+00   2.203750e-01   1.673800e-02
  2.123990e+00   2.129580e-01   1.673430e-02
  2.126720e+00   2.353760e-01   1.690000e-02
  2.129460e+00   2.209710e-01   1.662440e-02
  2.132190e+00   2.144170e-01   1.680830e-02
  2.134920e+00   1.990740e-01   1.668900e-02
  2.137660e+00   2.253520e-01   1.673020e-02
  2.140390e+00   2.382850e-01   1.676170e-02
  2.143130e+00   2.078460e-01   1.676630e-02
  2.145860e+00   2.120540e-01   1.680440e-02
  2.148590e+00   1.796480e-01   1.654960e-02
  2.151330e+00   2.054810e-01   1.680960e-02
  2.154060e+00   2.217640e-01   1.675920e-02
  2.156800e+00   2.164830e-01   1.669830e-02
  2.159530e+00   2.306320e-01   1.671920e-02
  2.162260e+00   2.249860e-01   1.650690e-02
  2.165000e+00   2.235800e-01   1.657010e-02
  2.167730e+00   2.318590e-01   1.684840e-02
  2.170470e+00   2.029110e-01   1.653900e-02
  2.173200e+00   2.049380e-01   1.669160e-02
  2.175930e+00   1.934990e-01   1.664590e-02
  2.178670e+00   1.945910e-01   1.663320e-02
  2.181400e+00   2.360820e-01   1.667840e-02
  2.184140e+00   1.886920e-01   1.654310e-02
  2.186870e+00   2.234780e-01   1.674360e-02
  2.189600e+00   1.864810e-01   1.667530e-02
  2.192340e+00   2.073650e-01   1.648750e-02
  2.195070e+00   1.934020e-01   1.661020e-02
  2.197810e+00   2.056360e-01   1.655820e-02
  2.200540e+00   2.138190e-01   1.673920e-02
  2.203280e+00   2.002800e-01   1.670450e-02
  2.206010e+00   2.140720e-01   1.659170e-02
  2.208740e+00   1.984690e-01   1.669850e-02
  2.211480e+00   2.017790e-01   1.658590e-02
  2.214210e+00   1.976900e-01   1.657290e-02
  2.216950e+00   2.208880e-01   1.672120e-02
  2.219680e+00   1.953110e-01   1.645460e-02
  2.222410e+00   2.020920e-01   1.662920e-02
  2.225150e+00   1.950960e-01   1.641380e-02
  2.227880e+00   2.322920e-01   1.669850e-02
  2.230620e+00   2.060330e-01   1.651520e-02
  2.233350e+00   1.899700e-01   1.654910e-02
  2.236080e+00   1.918700e-01   1.657070e-02
  2.238820e+00   2.161880e-01   1.649820e-02
  2.241550e+00   1.641440e-01   1.670480e-02
  2.244290e+00   1.960750e-01   1.662950e-02
  2.247020e+00   1.785280e-01   1.649680e-02
  2.249750e+00   2.004140e-01   1.658370e-02
  2.252490e+00   2.172240e-01   1.644310e-02
  2.255220e+00   2.085680e-01   1.647890e-02
  2.257960e+00   1.902670e-01   1.638600e-02
  2.260690e+00   1.946590e-01   1.652810e-02
  2.263420e+00   2.280580e-01   1.660560e-02
  2.266160e+00   2.221000e-01   1.661500e-02
  2.268890e+00   2.110790e-01   1.662750e-02
  2.271630e+00   1.925840e-01   1.648730e-02
  2.274360e+00   1.934180e-01   1.636770e-02
  2.277090e+00   1.881780e-01   1.651000e-02
  2.279830e+00   2.000830e-01   1.651600e-02
  2.282560e+00   1.871100e-01   1.644080e-02
  2.285300e+00   1.906620e-01   1.634680e-02
  2.288030e+00   1.851190e-01   1.637110e-02
  2.290760e+00   1.875320e-01   1.647940e-02
  2.293500e+00   2.002730e-01   1.648700e-02
  2.296230e+00   2.080450e-01   1.644780e-02
  2.298970e+00   2.097570e-01   1.634490e-02
  2.301700e+00   1.744630e-01   1.625440e-02
  2.304430e+00   1.883270e-01   1.641900e-02
  2.307170e+00   1.938760e-01   1.647980e-02
  2.309900e+00   2.017060e-01   1.643020e-02
  2.312640e+00   1.869940e-01   1.643310e-02
  2.315370e+00   1.890120e-01   1.626040e-02
  2.318100e+00   1.943110e-01   1.632800e-02
  2.320840e+00   1.812420e-01   1.631230e-02
  2.323570e+00   1.835620e-01   1.636530e-02
  2.326310e+00   1.824610e-01   1.615100e-02
  2.329040e+00   1.768040e-01   1.627240e-02
  2.331780e+00   2.094930e-01   1.623180e-02
  2.334510e+00   1.790050e-01   1.630160e-02
  2.337240e+00   2.022890e-01   1.626040e-02
  2.339980e+00   1.943380e-01   1.633040e-02
  2.342710e+00   1.891330e-01   1.645440e-02
  2.345450e+00   1.967550e-01   1.636780e-02
  2.348180e+00   2.113310e-01   1.647540e-02
  2.350910e+00   2.090250e-01   1.629230e-02
  2.353650e+00   1.898580e-01   1.634710e-02
  2.356380e+00   1.707450e-01   1.625160e-02
  2.359120e+00   2.086730e-01   1.649310e-02
  2.361850e+00   1.672730e-01   1.637740e-02
  2.364580e+00   2.045140e-01   1.631170e-02
  2.367320e+00   2.022100e-01   1.639030e-02
  2.370050e+00   2.064800e-01   1.640050e-02
  2.372790e+00   1.839420e-01   1.615980e-02
  2.375520e+00   1.810640e-01   1.633680e-02
  2.378250e+00   2.219600e-01   1.639590e-02
  2.380990e+00   1.792500e-01   1.631650e-02
  2.383720e+00   2.131130e-01   1.624740e-02
  2.386460e+00   1.776600e-01   1.640240e-02
  2.389190e+00   1.789420e-01   1.616080e-02
  2.391920e+00   1.855530e-01   1.635220e-02
  2.394660e+00   2.014340e-01   1.647290e-02
  2.397390e+00   2.004330e-01   1.633020e-02
  2.400130e+00   1.957330e-01   1.634560e-02
  2.402860e+00   2.393750e-01   1.645810e-02
  2.405590e+00   1.864270e-01   1.625790e-02
  2.408330e+00   2.089450e-01   1.641520e-02
  2.411060e+00   2.047150e-01   1.634220e-02
  2.413800e+00   1.896530e-01   1.638130e-02
  2.416530e+00   1.787560e-01   1.614880e-02
  2.419260e+00   1.807940e-01   1.617630e-02
  2.422000e+00   1.916190e-01   1.609820e-02
  2.424730e+00   1.904950e-01   1.609130e-02
  2.427470e+00   1.773830e-01   1.614300e-02
  2.430200e+00   1.804650e-01   1.625340e-02
  2.432930e+00   2.190430e-01   1.628630e-02
  2.435670e+00   2.079670e-01   1.628630e-02
  2.438400e+00   1.988100e-01   1.604170e-02
  2.441140e+00   2.062490e-01   1.635970e-02
  2.443870e+00   1.757590e-01   1.617390e-02
  2.446600e+00   2.100770e-01   1.642410e-02
  2.449340e+00   1.881080e-01   1.621730e-02
  2.452070e+00   2.174860e-01   1.630120e-02
  2.454810e+00   1.991020e-01   1.638030e-02
  2.457540e+00   1.763740e-01   1.618170e-02
  2.460280e+00   1.996230e-01   1.621350e-02
  2.463010e+00   1.884660e-01   1.629620e-02
  2.465740e+00   2.030770e-01   1.613210e-02
  2.468480e+00   1.830040e-01   1.622180e-02
  2.471210e+00   1.962540e-01   1.611680e-02
  2.473950e+00   2.055590e-01   1.621860e-02
  2.476680e+00   1.822420e-01   1.616240e-02
  2.479410e+00   2.057660e-01   1.620120e-02
  2.482150e+00   2.167640e-01   1.622000e-02
  2.484880e+00   1.679360e-01   1.609210e-02
  2.487620e+00   1.938990e-01   1.626960e-02
  2.490350e+00   1.899770e-01   1.620390e-02
  2.493080e+00   2.120760e-01   1.608250e-02
  2.495820e+00   1.928780e-01   1.616610e-02
  2.498550e+00   2.049480e-01   1.617760e-02
  2.501290e+00   1.819010e-01   1.615170e-02
  2.504020e+00   1.828440e-01   1.615140e-02
  2.506750e+00   2.158230e-01   1.625110e-02
  2.509490e+00   2.049420e-01   1.617200e-02
  2.512220e+00   2.185600e-01   1.636110e-02
  2.514960e+00   1.983190e-01   1.621170e-02
  2.517690e+00   1.800360e-01   1.607320e-02
  2.520420e+00   1.913510e-01   1.616700e-02
  2.523160e+00   2.098580e-01   1.616200e-02
  2.525890e+00   1.650930e-01   1.605040e-02
  2.528630e+00   2.083670e-01   1.620840e-02
  2.531360e+00   1.915170e-01   1.618730e-02
  2.534090e+00   2.008180e-01   1.609150e-02
  2.536830e+00   1.990350e-01   1.622000e-02
  2.539560e+00   2.015450e-01   1.612800e-02
  2.542300e+00   1.958320e-01   1.619670e-02
  2.545030e+00   2.060490e-01   1.619140e-02
  2.547760e+00   1.889590e-01   1.602820e-02
  2.550500e+00   2.056930e-01   1.628130e-02
  2.553230e+00   1.879090e-01   1.609370e-02
  2.555970e+00   2.103610e-01   1.622920e-02
  2.558700e+00   2.003550e-01   1.613040e-02
  2.561430e+00   1.839150e-01   1.597890e-02
  2.564170e+00   1.894350e-01   1.609520e-02
  2.566900e+00   2.026650e-01   1.604100e-02
  2.569640e+00   2.152280e-01   1.621300e-02
  2.572370e+00   1.911070e-01   1.594780e-02
  2.575100e+00   1.910170e-01   1.604610e-02
  2.577840e+00   1.997470e-01   1.608450e-02
  2.580570e+00   1.954960e-01   1.621880e-02
  2.583310e+00   1.794290e-01   1.782990e-02
  2.586040e+00   2.216450e-01   1.905120e-02
  2.588780e+00   1.793100e-01   1.966640e-02
  2.591510e+00   2.056070e-01   2.050580e-02
  2.594240e+00   1.980890e-01   2.134110e-02
  2.596980e+00   1.579690e-01   2.201630e-02
  2.599710e+00   1.975070e-01   2.309740e-02
  2.602450e+00   1.698360e-01   2.397320e-02
  2.605180e+00   2.040530e-01   2.457130e-02
  2.607910e+00   1.975090e-01   2.565900e-02
  2.610650e+00   1.912430e-01   2.602490e-02
  2.613380e+00   2.119780e-01   2.650890e-02
  2.616120e+00   2.049070e-01   2.129680e-02
  2.618850e+00   2.140890e-01   2.040380e-02
  2.621580e+00   2.304760e-01   1.997630e-02
  2.624320e+00   2.160390e-01   1.949370e-02
  2.627050e+00   2.063450e-01   1.896830e-02
  2.629790e+00   2.058810e-01   1.859950e-02
  2.632520e+00   1.593250e-01   1.807590e-02
  2.635250e+00   1.907240e-01   1.794190e-02
  2.637990e+00   1.771040e-01   1.783490e-02
  2.640720e+00   1.950330e-01   1.775560e-02
  2.643460e+00   2.125310e-01   1.774620e-02
  2.646190e+00   2.019190e-01   1.768530e-02
  2.648920e+00   1.941640e-01   1.755800e-02
  2.651660e+00   1.796000e-01   1.753140e-02
  2.654390e+00   2.012910e-01   1.748730e-02
  2.657130e+00   1.790200e-01   1.751290e-02
  2.659860e+00   1.949650e-01   1.751100e-02
  2.662590e+00   1.881450e-01   1.740560e-02
  2.665330e+00   1.988190e-01   1.743090e-02
  2.668060e+00   1.915140e-01   1.734770e-02
  2.670800e+00   2.094080e-01   1.741000e-02
  2.673530e+00   1.943040e-01   1.733090e-02
  2.676260e+00   1.783790e-01   1.739400e-02
  2.679000e+00   1.964050e-01   1.725130e-02
  2.681730e+00   2.126280e-01   1.729650e-02
  2.684470e+00   1.954060e-01   1.723400e-02
  2.687200e+00   2.043090e-01   1.714010e-02
  2.689930e+00   2.309830e-01   1.744130e-02
  2.692670e+00   1.925560e-01   1.716590e-02
  2.695400e+00   2.099810e-01   1.715470e-02
  2.698140e+00   1.954590e-01   1.711300e-02
  2.700870e+00   1.944400e-01   1.696640e-02
  2.703610e+00   1.802790e-01   1.694130e-02
  2.706340e+00   1.907040e-01   1.684930e-02
  2.709070e+00   2.037700e-01   1.680150e-02
  2.711810e+00   2.144160e-01   1.678650e-02
  2.714540e+00   1.617280e-01   1.657140e-02
  2.717280e+00   1.937870e-01   1.641400e-02
  2.720010e+00   1.828650e-01   1.626600e-02
  2.722740e+00   2.058330e-01   1.624620e-02
  2.725480e+00   1.564410e-01   1.618870e-02
  2.728210e+00   1.734530e-01   1.631170e-02
  2.730950e+00   1.763260e-01   1.623640e-02
  2.733680e+00   2.006980e-01   1.650980e-02
  2.736410e+00   1.765020e-01   1.633250e-02
  2.739150e+00   1.990890e-01   1.632990e-02
  2.741880e+00   2.201970e-01   1.633390e-02
  2.744620e+00   1.771890e-01   1.609040e-02
  2.747350e+00   2.057700e-01   1.619690e-02
  2.750080e+00   1.822490e-01   1.630530e-02
  2.752820e+00   1.961810e-01   1.651860e-02
  2.755550e+00   2.033510e-01   1.636500e-02
  2.758290e+00   1.788130e-01   1.622870e-02
  2.761020e+00   1.934070e-01   1.630380e-02
  2.763750e+00   1.720930e-01   1.646630e-02
  2.766490e+00   2.025160e-01   1.638890e-02
  2.769220e+00   1.700170e-01   1.622640e-02
  2.771960e+00   2.097630e-01   1.617260e-02
  2.774690e+00   1.798170e-01   1.610580e-02
  2.777420e+00   2.200450e-01   1.634800e-02
  2.780160e+00   1.932290e-01   1.613620e-02
  2.782890e+00   2.121130e-01   1.626670e-02
  2.785630e+00   1.949650e-01   1.632040e-02
  2.788360e+00   2.075820e-01   1.614780e-02
  2.791090e+00   2.173880e-01   1.630310e-02
  2.793830e+00   2.042180e-01   1.647160e-02
  2.796560e+00   1.720860e-01   1.619480e-02
  2.799300e+00   1.981110e-01   1.626680e-02
  2.802030e+00   1.822470e-01   1.609630e-02
  2.804760e+00   1.740710e-01   1.624370e-02
  2.807500e+00   2.180260e-01   1.620040e-02
  2.810230e+00   1.845020e-01   1.611150e-02
  2.812970e+00   1.990970e-01   1.627490e-02
  2.815700e+00   1.819720e-01   1.625310e-02
  2.818430e+00   1.695000e-01   1.608310e-02
  2.821170e+00   1.578780e-01   1.617010e-02
  2.823900e+00   1.926290e-01   1.627130e-02
  2.826640e+00   1.843020e-01   1.627750e-02
  2.829370e+00   1.927740e-01   1.608450e-02
  2.832110e+00   1.798290e-01   1.618540e-02
  2.834840e+00   1.758980e-01   1.610710e-02
  2.837570e+00   1.865230e-01   1.613460e-02
  2.840310e+00   1.807310e-01   1.612280e-02
  2.843040e+00   1.925120e-01   1.623220e-02
  2.845780e+00   1.612700e-01   1.601700e-02
  2.848510e+00   1.770360e-01   1.626240e-02
  2.851240e+00   1.776020e-01   1.610650e-02
  2.853980e+00   1.828230e-01   1.604650e-02
  2.856710e+00   1.973810e-01   1.622760e-02
  2.859450e+00   1.790070e-01   1.608420e-02
  2.862180e+00   2.173390e-01   1.630550e-02
  2.864910e+00   1.817860e-01   1.615580e-02
  2.867650e+00   1.886900e-01   1.618890e-02
  2.870380e+00   1.819550e-01   1.616260e-02
  2.873120e+00   2.005680e-01   1.604410e-02
  2.875850e+00   1.966240e-01   1.603880e-02
  2.878580e+00   1.873830e-01   1.618250e-02
  2.881320e+00   1.675680e-01   1.612430e-02
  2.884050e+00   1.978050e-01   1.617720e-02
  2.886790e+00   1.911520e-01   1.611620e-02
  2.889520e+00   1.652320e-01   1.619060e-02
  2.892250e+00   2.064950e-01   1.616370e-02
  2.894990e+00   1.723430e-01   1.606860e-02
  2.897720e+00   1.844860e-01   1.599740e-02
  2.900460e+00   1.649400e-01   1.607920e-02
  2.903190e+00   2.021200e-01   1.607630e-02
  2.905920e+00   2.001690e-01   1.606620e-02
  2.908660e+00   1.731790e-01   1.605640e-02
  2.911390e+00   1.689960e-01   1.600420e-02
  2.914130e+00   2.038780e-01   1.611580e-02
  2.916860e+00   1.799950e-01   1.599470e-02
  2.919590e+00   1.599630e-01   1.588210e-02
  2.922330e+00   1.728810e-01   1.594840e-02
  2.925060e+00   1.834140e-01   1.606810e-02
  2.927800e+00   1.845940e-01   1.608940e-02
  2.930530e+00   1.859170e-01   1.607450e-02
  2.933260e+00   1.962120e-01   1.605260e-02
  2.936000e+00   1.898650e-01   1.598880e-02
  2.938730e+00   1.767680e-01   1.591660e-02
  2.941470e+00   1.816950e-01   1.596710e-02
  2.944200e+00   1.822580e-01   1.594440e-02
  2.946930e+00   1.890620e-01   1.605200e-02
  2.949670e+00   1.788240e-01   1.610450e-02
  2.952400e+00   1.691570e-01   1.611630e-02
  2.955140e+00   1.774830e-01   1.603310e-02
  2.957870e+00   1.924370e-01   1.608080e-02
  2.960610e+00   1.934720e-01   1.598780e-02
  2.963340e+00   1.861570e-01   1.598300e-02
  2.966070e+00   1.648750e-01   1.575470e-02
  2.968810e+00   1.948840e-01   1.606290e-02
  2.971540e+00   1.575200e-01   1.589650e-02
  2.974280e+00   1.876230e-01   1.606380e-02
  2.977010e+00   1.762380e-01   1.600550e-02
  2.979740e+00   1.780840e-01   1.592960e-02
  2.982480e+00   1.912370e-01   1.597960e-02
  2.985210e+00   1.775930e-01   1.597680e-02
  2.987950e+00   1.758330e-01   1.590260e-02
  2.990680e+00   1.694350e-01   1.594460e-02
  2.993410e+00   1.628740e-01   1.583080e-02
  2.996150e+00   1.896840e-01   1.606830e-02
  2.998880e+00   1.771740e-01   1.597360e-02
  3.001620e+00   1.685740e-01   1.595770e-02
  3.004350e+00   1.686780e-01   1.585770e-02
  3.007080e+00   1.826470e-01   1.584510e-02
  3.009820e+00   1.860500e-01   1.602000e-02
  3.012550e+00   1.896920e-01   1.594370e-02
  3.015290e+00   1.762760e-01   1.579530e-02
  3.018020e+00   1.889790e-01   1.583540e-02
  3.020750e+00   1.751990e-01   1.586570e-02
  3.023490e+00   2.048730e-01   1.603320e-02
  3.026220e+00   1.739250e-01   1.581640e-02
  3.028960e+00   1.738580e-01   1.589420e-02
  3.031690e+00   1.629710e-01   1.586580e-02
  3.034420e+00   1.861910e-01   1.592990e-02
  3.037160e+00   1.594670e-01   1.580900e-02
  3.039890e+00   2.007090e-01   1.594310e-02
  3.042630e+00   1.405710e-01   1.576910e-02
  3.045360e+00   1.761970e-01   1.579340e-02
  3.048090e+00   1.641880e-01   1.580040e-02
  3.050830e+00   1.901570e-01   1.593480e-02
  3.053560e+00   1.718080e-01   1.592100e-02
  3.056300e+00   1.676540e-01   1.584070e-02
  3.059030e+00   1.816120e-01   1.593650e-02
  3.061760e+00   1.926740e-01   1.590880e-02
  3.064500e+00   1.931950e-01   1.592930e-02
  3.067230e+00   1.686990e-01   1.588220e-02
  3.069970e+00   1.755860e-01   1.574210e-02
  3.072700e+00   1.900350e-01   1.590520e-02
  3.075430e+00   1.748280e-01   1.582350e-02
  3.078170e+00   1.905980e-01   1.595130e-02
  3.080900e+00   1.747430e-01   1.587320e-02
  3.083640e+00   1.711580e-01   1.575780e-02
  3.086370e+00   1.526500e-01   1.574380e-02
  3.089110e+00   1.688100e-01   1.580900e-02
  3.091840e+00   1.697660e-01   1.585880e-02
  3.094570e+00   1.544760e-01   1.559660e-02
  3.097310e+00   1.521630e-01   1.568100e-02
  3.100040e+00   1.524850e-01   1.574510e-02
  3.102780e+00   1.739820e-01   1.578790e-02
  3.105510e+00   1.881750e-01   1.580380e-02
  3.108240e+00   1.731930e-01   1.582960e-02
  3.110980e+00   1.697000e-01   1.584370e-02
  3.113710e+00   1.688020e-01   1.586900e-02
  3.116450e+00   1.516650e-01   1.572640e-02
  3.119180e+00   1.776660e-01   1.577530e-02
  3.121910e+00   1.822080e-01   1.587080e-02
  3.124650e+00   1.717850e-01   1.567320e-02
  3.127380e+00   1.680980e-01   1.578950e-02
  3.130120e+00   1.905760e-01   1.580860e-02
  3.132850e+00   1.819570e-01   1.582890e-02
  3.135580e+00   1.725460e-01   1.565030e-02
  3.138320e+00   1.488820e-01   1.572170e-02
  3.141050e+00   1.794200e-01   1.586110e-02
  3.143790e+00   1.779840e-01   1.574070e-02
  3.146520e+00   1.545390e-01   1.557790e-02
  3.149250e+00   1.566170e-01   1.573650e-02
  3.151990e+00   1.629060e-01   1.579530e-02
  3.154720e+00   1.436670e-01   1.576090e-02
  3.157460e+00   1.628190e-01   1.571300e-02
  3.160190e+00   1.654600e-01   1.571230e-02
  3.162920e+00   1.714210e-01   1.565610e-02
  3.165660e+00   1.614030e-01   1.571850e-02
  3.168390e+00   1.778090e-01   1.568070e-02
  3.171130e+00   1.862910e-01   1.579620e-02
  3.173860e+00   1.549850e-01   1.572000e-02
  3.176590e+00   1.743580e-01   1.559290e-02
  3.179330e+00   1.484210e-01   1.566670e-02
  3.182060e+00   1.758540e-01   1.575020e-02
  3.184800e+00   1.618120e-01   1.568770e-02
  3.187530e+00   1.697400e-01   1.565580e-02
  3.190260e+00   1.796740e-01   1.551780e-02
  3.193000e+00   1.692980e-01   1.574540e-02
  3.195730e+00   1.422870e-01   1.559870e-02
  3.198470e+00   1.852130e-01   1.573000e-02
  3.201200e+00   1.611530e-01   1.545610e-02
  3.203940e+00   1.750790e-01   1.579730e-02
  3.206670e+00   1.601590e-01   1.575320e-02
  3.209400e+00   1.794480e-01   1.569120e-02
  3.212140e+00   1.834110e-01   1.564110e-02
  3.214870e+00   1.673900e-01   1.560570e-02
  3.217610e+00   1.679760e-01   1.591820e-02
  3.220340e+00   1.502350e-01   1.566050e-02
  3.223070e+00   1.607620e-01   1.548590e-02
  3.225810e+00   1.651210e-01   1.568180e-02
  3.228540e+00   1.528090e-01   1.549350e-02
  3.231280e+00   1.437090e-01   1.567570e-02
  3.234010e+00   1.657770e-01   1.569300e-02
  3.236740e+00   1.515920e-01   1.560900e-02
  3.239480e+00   1.507520e-01   1.555220e-02
  3.242210e+00   1.641860e-01   1.568630e-02
  3.244950e+00   1.461000e-01   1.541000e-02
  3.247680e+00   1.888270e-01   1.573420e-02
  3.250410e+00   1.452150e-01   1.558550e-02
  3.253150e+00   1.407470e-01   1.547110e-02
  3.255880e+00   1.379770e-01   1.562970e-02
  3.258620e+00   1.574770e-01   1.563000e-02
  3.261350e+00   1.386790e-01   1.546700e-02
  3.264080e+00   1.628890e-01   1.575030e-02
  3.266820e+00   1.508580e-01   1.550990e-02
  3.269550e+00   1.642400e-01   1.559870e-02
  3.272290e+00   1.725960e-01   1.558640e-02
  3.275020e+00   1.600980e-01   1.567230e-02
  3.277750e+00   1.672110e-01   1.560440e-02
  3.280490e+00   1.605180e-01   1.560720e-02
  3.283220e+00   1.818640e-01   1.574040e-02
  3.285960e+00   1.399080e-01   1.559900e-02
  3.288690e+00   1.363410e-01   1.544780e-02
  3.291420e+00   1.866520e-01   1.571860e-02
  3.294160e+00   1.642780e-01   1.550310e-02
  3.296890e+00   1.631470e-01   1.552750e-02
  3.299630e+00   1.431320e-01   1.562720e-02
  3.302360e+00   1.639490e-01   1.565260e-02
  3.305090e+00   1.476230e-01   1.562450e-02
  3.307830e+00   1.608530e-01   1.555460e-02
  3.310560e+00   1.603870e-01   1.577780e-02
  3.313300e+00   1.480110e-01   1.565770e-02
  3.316030e+00   1.917920e-01   1.566190e-02
  3.318760e+00   1.687670e-01   1.561590e-02
  3.321500e+00   1.656330e-01   1.549120e-02
  3.324230e+00   1.682530e-01   1.571260e-02
  3.326970e+00   1.525920e-01   1.560040e-02
  3.329700e+00   1.702180e-01   1.568450e-02
  3.332440e+00   1.492200e-01   1.537980e-02
  3.335170e+00   1.309800e-01   1.557890e-02
  3.337900e+00   1.602120e-01   1.575240e-02
  3.340640e+00   1.464980e-01   1.558090e-02
  3.343370e+00   1.719650e-01   1.552040e-02
  3.346110e+00   1.512750e-01   1.554780e-02
  3.348840e+00   1.506290e-01   1.541810e-02
  3.351570e+00   1.458520e-01   1.551510e-02
  3.354310e+00   1.583200e-01   1.559370e-02
  3.357040e+00   1.555500e-01   1.549590e-02
  3.359780e+00   1.359240e-01   1.550250e-02
  3.362510e+00   1.348450e-01   1.544990e-02
  3.365240e+00   1.396710e-01   1.550200e-02
  3.367980e+00   1.433880e-01   1.550770e-02
  3.370710e+00   1.466960e-01   1.560960e-02
  3.373450e+00   1.514700e-01   1.540040e-02
  3.376180e+00   1.712260e-01   1.565820e-02
  3.378910e+00   1.624560e-01   1.552800e-02
  3.381650e+00   1.643280e-01   1.551710e-02
  3.384380e+00   1.420270e-01   1.557440e-02
  3.387120e+00   1.355300e-01   1.538250e-02
  3.389850e+00   1.673640e-01   1.556300e-02
  3.392580e+00   1.659840e-01   1.559110e-02
  3.395320e+00   1.842590e-01   1.565600e-02
  3.398050e+00   1.593090e-01   1.553060e-02
  3.400790e+00   1.343130e-01   1.556450e-02
  3.403520e+00   1.463960e-01   1.542790e-02
  3.406250e+00   1.755010e-01   1.539970e-02
  3.408990e+00   1.559660e-01   1.565080e-02
  3.411720e+00   1.301510e-01   1.546360e-02
  3.414460e+00   1.380940e-01   1.541990e-02
  3.417190e+00   1.638720e-01   1.554500e-02
  3.419920e+00   1.791360e-01   1.560240e-02
  3.422660e+00   1.560940e-01   1.550220e-02
  3.425390e+00   1.502270e-01   1.550950e-02
  3.428130e+00   1.424980e-01   1.554550e-02
  3.430860e+00   1.510270e-01   1.540060e-02
  3.433590e+00   1.736730e-01   1.545550e-02
  3.436330e+00   1.411650e-01   1.544440e-02
  3.439060e+00   1.417760e-01   1.547070e-02
  3.441800e+00   1.328710e-01   1.543480e-02
  3.444530e+00   1.609530e-01   1.547010e-02
  3.447260e+00   1.726830e-01   1.559670e-02
  3.450000e+00   1.512800e-01   1.542120e-02
  3.452730e+00   1.527920e-01   1.547830e-02
  3.455470e+00   1.647420e-01   1.560280e-02
  3.458200e+00   1.579160e-01   1.538320e-02
  3.460940e+00   1.493490e-01   1.555740e-02
  3.463670e+00   1.601910e-01   1.551360e-02
  3.466400e+00   1.295750e-01   1.546970e-02
  3.469140e+00   1.417330e-01   1.550110e-02
  3.471870e+00   1.566250e-01   1.566820e-02
  3.474610e+00   1.405040e-01   1.538170e-02
  3.477340e+00   1.582790e-01   1.541090e-02
  3.480070e+00   1.319380e-01   1.529920e-02
  3.482810e+00   1.544600e-01   1.541690e-02
  3.485540e+00   1.742140e-01   1.554130e-02
  3.488280e+00   1.687690e-01   1.563620e-02
  3.491010e+00   1.580560e-01   1.541620e-02
  3.493740e+00   1.579910e-01   1.547880e-02
  3.496480e+00   1.342450e-01   1.548410e-02
  3.499210e+00   1.442990e-01   1.543760e-02
  3.501950e+00   1.573170e-01   1.557840e-02
  3.504680e+00   1.322130e-01   1.556570e-02
  3.507410e+00   1.583960e-01   1.548910e-02
  3.510150e+00   1.552170e-01   1.540420e-02
  3.512880e+00   1.678490e-01   1.537990e-02
  3.515620e+00   1.242170e-01   1.533760e-02
  3.518350e+00   1.194680e-01   1.533190e-02
  3.521080e+00   1.463340e-01   1.559260e-02
  3.523820e+00   1.430770e-01   1.531080e-02
  3.526550e+00   1.653910e-01   1.551440e-02
  3.529290e+00   1.654380e-01   1.541100e-02
  3.532020e+00   1.510440e-01   1.544250e-02
  3.534750e+00   1.713720e-01   1.550760e-02
  3.537490e+00   1.435480e-01   1.549270e-02
  3.540220e+00   1.584470e-01   1.541110e-02
  3.542960e+00   1.665530e-01   1.553610e-02
  3.545690e+00   1.365160e-01   1.538250e-02
  3.548420e+00   1.478330e-01   1.543320e-02
  3.551160e+00   1.390210e-01   1.555660e-02
  3.553890e+00   1.455600e-01   1.550590e-02
  3.556630e+00   1.323870e-01   1.541610e-02
  3.559360e+00   1.804660e-01   1.548150e-02
  3.562090e+00   1.594180e-01   1.553930e-02
  3.564830e+00   1.633640e-01   1.552980e-02
  3.567560e+00   1.398760e-01   1.539950e-02
  3.570300e+00   1.563040e-01   1.527900e-02
  3.573030e+00   1.349120e-01   1.545970e-02
  3.575770e+00   1.692290e-01   1.536350e-02
  3.578500e+00   1.526090e-01   1.546150e-02
  3.581230e+00   1.641000e-01   1.548370e-02
  3.583970e+00   1.451310e-01   1.542210e-02
  3.586700e+00   1.488860e-01   1.536960e-02
  3.589440e+00   1.413610e-01   1.531410e-02
  3.592170e+00   1.642990e-01   1.563360e-02
  3.594900e+00   1.615280e-01   1.540850e-02
  3.597640e+00   1.647340e-01   1.546610e-02
  3.600370e+00   1.416600e-01   1.541480e-02
  3.603110e+00   1.505650e-01   1.537750e-02
  3.605840e+00   1.387510e-01   1.525640e-02
  3.608570e+00   1.530500e-01   1.529580e-02
  3.611310e+00   1.612780e-01   1.549210e-02
  3.614040e+00   1.542280e-01   1.534030e-02
  3.616780e+00   1.086950e-01   1.534720e-02
  3.619510e+00   1.553050e-01   1.539430e-02
  3.622240e+00   1.240940e-01   1.534700e-02
  3.624980e+00   1.704730e-01   1.545070e-02
  3.627710e+00   1.590090e-01   1.547500e-02
  3.630450e+00   1.440590e-01   1.537120e-02
  3.633180e+00   1.618500e-01   1.549640e-02
  3.635910e+00   1.478930e-01   1.536080e-02
  3.638650e+00   1.415180e-01   1.545730e-02
  3.641380e+00   1.667600e-01   1.566940e-02
  3.644120e+00   1.436480e-01   1.553400e-02
  3.646850e+00   1.471810e-01   1.539660e-02
  3.649580e+00   1.429490e-01   1.551640e-02
  3.652320e+00   1.615110e-01   1.540960e-02
  3.655050e+00   1.574970e-01   1.553380e-02
  3.657790e+00   1.282670e-01   1.547850e-02
  3.660520e+00   1.615210e-01   1.548730e-02
  3.663250e+00   1.600060e-01   1.556620e-02
  3.665990e+00   1.582780e-01   1.555150e-02
  3.668720e+00   1.472210e-01   1.542130e-02
  3.671460e+00   1.505250e-01   1.545030e-02
  3.674190e+00   1.267600e-01   1.535340e-02
  3.676920e+00   1.447910e-01   1.541210e-02
  3.679660e+00   1.373530e-01   1.537200e-02
  3.682390e+00   1.488600e-01   1.525120e-02
  3.685130e+00   1.646220e-01   1.543250e-02
  3.687860e+00   1.469230e-01   1.543380e-02
  3.690590e+00   1.560140e-01   1.554480e-02
  3.693330e+00   1.350090e-01   1.543370e-02
  3.696060e+00   1.491500e-01   1.552450e-02
  3.698800e+00   1.495400e-01   1.534990e-02
  3.701530e+00   1.516930e-01   1.535360e-02
  3.704270e+00   1.673380e-01   1.541510e-02
  3.707000e+00   1.521220e-01   1.544460e-02
  3.709730e+00   1.781280e-01   1.564990e-02
  3.712470e+00   1.440630e-01   1.537790e-02
  3.715200e+00   1.736430e-01   1.546000e-02
  3.717940e+00   1.328830e-01   1.540450e-02
  3.720670e+00   1.331790e-01   1.542330e-02
  3.723400e+00   1.534410e-01   1.551460e-02
  3.726140e+00   1.566630e-01   1.548410e-02
  3.728870e+00   1.538310e-01   1.557040e-02
  3.731610e+00   1.525710e-01   1.555860e-02
  3.734340e+00   1.611690e-01   1.537040e-02
  3.737070e+00   1.540760e-01   1.541300e-02
  3.739810e+00   1.644160e-01   1.547130e-02
  3.742540e+00   1.712620e-01   1.554710e-02
  3.745280e+00   1.508320e-01   1.530540e-02
  3.748010e+00   1.577910e-01   1.532590e-02
  3.750740e+00   1.384290e-01   1.545000e-02
  3.753480e+00   1.614750e-01   1.547060e-02
  3.756210e+00   1.627070e-01   1.560490e-02
  3.758950e+00   1.569500e-01   1.544530e-02
  3.761680e+00   1.217300e-01   1.542960e-02
  3.764410e+00   1.562720e-01   1.549610e-02
  3.767150e+00   1.569200e-01   1.554570e-02
  3.769880e+00   1.573200e-01   1.550880e-02
  3.772620e+00   1.308840e-01   1.535090e-02
  3.775350e+00   1.690950e-01   1.546690e-02
  3.778080e+00   1.373810e-01   1.540610e-02
  3.780820e+00   1.762160e-01   1.556020e-02
  3.783550e+00   1.608080e-01   1.559690e-02
  3.786290e+00   1.649950e-01   1.556550e-02
  3.789020e+00   1.781250e-01   1.551900e-02
  3.791750e+00   1.466760e-01   1.547320e-02
  3.794490e+00   1.186600e-01   1.541150e-02
  3.797220e+00   1.324180e-01   1.542540e-02
  3.799960e+00   1.688100e-01   1.558950e-02
  3.802690e+00   1.535060e-01   1.553250e-02
  3.805420e+00   1.585580e-01   1.543270e-02
  3.808160e+00   1.461660e-01   1.542900e-02
  3.810890e+00   1.579400e-01   1.554230e-02
  3.813630e+00   1.765110e-01   1.553250e-02
  3.816360e+00   1.320490e-01   1.545080e-02
  3.819090e+00   1.660210e-01   1.528540e-02
  3.821830e+00   1.597320e-01   1.567140e-02
  3.824560e+00   1.454570e-01   1.543810e-02
  3.827300e+00   1.664150e-01   1.548250e-02
  3.830030e+00   1.586230e-01   1.556140e-02
  3.832770e+00   1.793730e-01   1.550520e-02
  3.835500e+00   1.695170e-01   1.555000e-02
  3.838230e+00   1.828400e-01   1.553180e-02
  3.840970e+00   1.756780e-01   1.554220e-02
  3.843700e+00   1.630230e-01   1.549750e-02
  3.846440e+00   1.503560e-01   1.530550e-02
  3.849170e+00   1.493100e-01   1.552090e-02
  3.851900e+00   1.238940e-01   1.531860e-02
  3.854640e+00   1.298960e-01   1.544660e-02
  3.857370e+00   1.192290e-01   1.544600e-02
  3.860110e+00   2.006340e-01   1.556040e-02
  3.862840e+00   1.298060e-01   1.534080e-02
  3.865570e+00   1.388720e-01   1.546400e-02
  3.868310e+00   1.272580e-01   1.543730e-02
  3.871040e+00   1.810480e-01   1.552190e-02
  3.873780e+00   1.609980e-01   1.543620e-02
  3.876510e+00   1.798250e-01   1.557930e-02
  3.879240e+00   1.381530e-01   1.537370e-02
  3.881980e+00   1.556450e-01   1.561730e-02
  3.884710e+00   1.593430e-01   1.549900e-02
  3.887450e+00   1.657530e-01   1.552620e-02
  3.890180e+00   1.640800e-01   1.548160e-02
  3.892910e+00   1.644100e-01   1.548630e-02
  3.895650e+00   1.735360e-01   1.552960e-02
  3.898380e+00   1.533580e-01   1.544600e-02
  3.901120e+00   1.584170e-01   1.542870e-02
  3.903850e+00   1.732540e-01   1.535620e-02
  3.906580e+00   1.532310e-01   1.539810e-02
  3.909320e+00   1.156630e-01   1.532870e-02
  3.912050e+00   1.344390e-01   1.537960e-02
  3.914790e+00   1.494840e-01   1.559910e-02
  3.917520e+00   1.639680e-01   1.560490e-02
  3.920250e+00   1.618150e-01   1.556500e-02
  3.922990e+00   1.543090e-01   1.542840e-02
  3.925720e+00   1.453580e-01   1.540370e-02
  3.928460e+00   1.381250e-01   1.549240e-02
  3.931190e+00   1.568890e-01   1.534700e-02
  3.933920e+00   1.602440e-01   1.546760e-02
  3.936660e+00   1.562010e-01   1.787990e-02
  3.939390e+00   1.905010e-01   1.917040e-02
  3.942130e+00   1.427510e-01   1.969260e-02
  3.944860e+00   1.732990e-01   2.125370e-02
  3.947590e+00   1.595210e-01   2.297150e-02
  3.950330e+00   1.407400e-01   2.394640e-02
  3.953060e+00   1.905870e-01   2.503550e-02
  3.955800e+00   1.709030e-01   2.534440e-02
  3.958530e+00   1.691240e-01   2.676260e-02
  3.961270e+00   1.822020e-01   2.792700e-02
  3.964000e+00   1.746110e-01   2.059150e-02
  3.966730e+00   1.503950e-01   1.945830e-02
  3.969470e+00   1.802240e-01   1.877120e-02
  3.972200e+00   1.317270e-01   1.805090e-02
  3.974940e+00   1.870940e-01   1.782170e-02
  3.977670e+00   1.575860e-01   1.733000e-02
  3.980400e+00   1.561700e-01   1.747590e-02
  3.983140e+00   1.460600e-01   1.721010e-02
  3.985870e+00   1.205560e-01   1.717150e-02
  3.988610e+00   1.697390e-01   1.723610e-02
  3.991340e+00   1.425840e-01   1.705870e-02
  3.994070e+00   1.567200e-01   1.685780e-02
  3.996810e+00   1.727970e-01   1.696500e-02
  3.999540e+00   1.568790e-01   1.694860e-02
  4.002280e+00   1.660350e-01   1.696220e-02
  4.005010e+00   1.595160e-01   1.683590e-02
  4.007740e+00   1.580620e-01   1.673400e-02
  4.010480e+00   1.537550e-01   1.662330e-02
  4.013210e+00   1.612290e-01   1.653340e-02
  4.015950e+00   1.493140e-01   1.624410e-02
  4.018680e+00   1.641160e-01   1.625520e-02
  4.021410e+00   1.544250e-01   1.608900e-02
  4.024150e+00   1.621160e-01   1.608510e-02
  4.026880e+00   1.447310e-01   1.585940e-02
  4.029620e+00   1.501540e-01   1.579850e-02
  4.032350e+00   1.449780e-01   1.561390e-02
  4.035080e+00   1.431530e-01   1.560470e-02
  4.037820e+00   1.669890e-01   1.558170e-02
  4.040550e+00   1.818910e-01   1.572660e-02
  4.043290e+00   1.689680e-01   1.562380e-02
  4.046020e+00   1.747410e-01   1.556550e-02
  4.048750e+00   1.421120e-01   1.572630e-02
  4.051490e+00   1.763540e-01   1.562030e-02
  4.054220e+00   1.453850e-01   1.549090e-02
  4.056960e+00   1.770610e-01   1.555800e-02
  4.059690e+00   1.586580e-01   1.552900e-02
  4.062420e+00   1.453230e-01   1.562070e-02
  4.065160e+00   1.496390e-01   1.540580e-02
  4.067890e+00   1.596840e-01   1.546000e-02
  4.070630e+00   1.677010e-01   1.553290e-02
  4.073360e+00   1.632560e-01   1.556230e-02
  4.076100e+00   1.436620e-01   1.554100e-02
  4.078830e+00   1.567610e-01   1.560380e-02
  4.081560e+00   1.537520e-01   1.555570e-02
  4.084300e+00   1.487640e-01   1.558810e-02
  4.087030e+00   1.375250e-01   1.555890e-02
  4.089770e+00   1.595590e-01   1.557460e-02
  4.092500e+00   1.767060e-01   1.572930e-02
  4.095230e+00   1.579830e-01   1.570670e-02
  4.097970e+00   1.532920e-01   1.548720e-02
  4.100700e+00   1.673350e-01   1.556010e-02
  4.103440e+00   1.638870e-01   1.559460e-02
  4.106170e+00   1.480020e-01   1.547620e-02
  4.108900e+00   1.374340e-01   1.545140e-02
  4.111640e+00   1.495130e-01   1.549610e-02
  4.114370e+00   1.485770e-01   1.569040e-02
  4.117110e+00   1.674370e-01   1.558420e-02
  4.119840e+00   1.944130e-01   1.568600e-02
  4.122570e+00   1.777020e-01   1.546520e-02
  4.125310e+00   1.488020e-01   1.536650e-02
  4.128040e+00   1.654980e-01   1.562050e-02
  4.130780e+00   1.600910e-01   1.545650e-02
  4.133510e+00   1.644110e-01   1.550260e-02
  4.136240e+00   1.507730e-01   1.546690e-02
  4.138980e+00   1.531060e-01   1.552340e-02
  4.141710e+00   1.633950e-01   1.560860e-02
  4.144450e+00   1.496690e-01   1.557130e-02
  4.147180e+00   1.527080e-01   1.549280e-02
  4.149910e+00   1.435510e-01   1.552320e-02
  4.152650e+00   1.699590e-01   1.541790e-02
  4.155380e+00   1.680400e-01   1.558790e-02
  4.158120e+00   1.502020e-01   1.549990e-02
  4.160850e+00   1.680580e-01   1.542060e-02
  4.163580e+00   1.405390e-01   1.551430e-02
  4.166320e+00   1.456420e-01   1.544220e-02
  4.169050e+00   1.694750e-01   1.550430e-02
  4.171790e+00   1.806540e-01   1.567500e-02
  4.174520e+00   1.531130e-01   1.544350e-02
  4.177250e+00   1.723860e-01   1.560700e-02
  4.179990e+00   1.489090e-01   1.548470e-02
  4.182720e+00   1.555140e-01   1.547740e-02
  4.185460e+00   1.688880e-01   1.556470e-02
  4.188190e+00   1.503850e-01   1.555490e-02
  4.190920e+00   1.629030e-01   1.554660e-02
  4.193660e+00   1.463100e-01   1.546760e-02
  4.196390e+00   1.755880e-01   1.566120e-02
  4.199130e+00   1.576900e-01   1.547270e-02
  4.201860e+00   1.741660e-01   1.554750e-02
  4.204600e+00   1.702600e-01   1.550790e-02
  4.207330e+00   1.444230e-01   1.552870e-02
  4.210060e+00   1.773590e-01   1.547480e-02
  4.212800e+00   1.558200e-01   1.552680e-02
  4.215530e+00   1.679740e-01   1.559260e-02
  4.218270e+00   1.515900e-01   1.547970e-02
  4.221000e+00   1.656430e-01   1.553970e-02
  4.223730e+00   1.912430e-01   1.557940e-02
  4.226470e+00   1.677110e-01   1.558990e-02
  4.229200e+00   1.624880e-01   1.560330e-02
  4.231940e+00   1.444770e-01   1.542650e-02
  4.234670e+00   1.803360e-01   1.554570e-02
  4.237400e+00   1.800490e-01   1.553230e-02
  4.240140e+00   1.755260e-01   1.551780e-02
  4.242870e+00   1.706490e-01   1.551590e-02
  4.245610e+00   1.674870e-01   1.551100e-02
  4.248340e+00   1.565100e-01   1.544590e-02
  4.251070e+00   1.696690e-01   1.550210e-02
  4.253810e+00   1.545740e-01   1.540000e-02
  4.256540e+00   1.424860e-01   1.549040e-02
  4.259280e+00   1.766240e-01   1.562640e-02
  4.262010e+00   1.643490e-01   1.544550e-02
  4.264740e+00   1.774020e-01   1.542250e-02
  4.267480e+00   2.029770e-01   1.555390e-02
  4.270210e+00   1.533310e-01   1.548870e-02
  4.272950e+00   1.753810e-01   1.545440e-02
  4.275680e+00   1.556990e-01   1.552370e-02
  4.278410e+00   1.613500e-01   1.565360e-02
  4.281150e+00   1.860530e-01   1.564680e-02
  4.283880e+00   1.538040e-01   1.541870e-02
  4.286620e+00   1.584300e-01   1.546170e-02
  4.289350e+00   1.673460e-01   1.557820e-02
  4.292080e+00   1.514040e-01   1.538400e-02
  4.294820e+00   1.468490e-01   1.537710e-02
  4.297550e+00   1.653870e-01   1.546880e-02
  4.300290e+00   1.573490e-01   1.545780e-02
  4.303020e+00   1.659500e-01   1.547200e-02
  4.305750e+00   1.871550e-01   1.535900e-02
  4.308490e+00   1.576120e-01   1.534200e-02
  4.311220e+00   1.645990e-01   1.528840e-02
  4.313960e+00   1.316410e-01   1.538690e-02
  4.316690e+00   1.566920e-01   1.548170e-02
  4.319420e+00   1.563970e-01   1.536260e-02
  4.322160e+00   1.667230e-01   1.542460e-02
  4.324890e+00   1.673240e-01   1.550700e-02
  4.327630e+00   1.717730e-01   1.562600e-02
  4.330360e+00   1.677050e-01   1.536070e-02
  4.333100e+00   1.843080e-01   1.560550e-02
  4.335830e+00   1.626410e-01   1.545190e-02
  4.338560e+00   1.677910e-01   1.522590e-02
  4.341300e+00   1.598130e-01   1.530120e-02
  4.344030e+00   1.589540e-01   1.543310e-02
  4.346770e+00   1.918600e-01   1.542470e-02
  4.349500e+00   1.771410e-01   1.548930e-02
  4.352230e+00   1.603460e-01   1.528600e-02
  4.354970e+00   1.682330e-01   1.535080e-02
  4.357700e+00   1.697360e-01   1.547520e-02
  4.360440e+00   1.837300e-01   1.536220e-02
  4.363170e+00   1.557900e-01   1.555520e-02
  4.365900e+00   1.687980e-01   1.538860e-02
  4.368640e+00   1.898020e-01   1.540870e-02
  4.371370e+00   1.521710e-01   1.537550e-02
  4.374110e+00   1.459920e-01   1.545110e-02
  4.376840e+00   1.651810e-01   1.535860e-02
  4.379570e+00   1.706470e-01   1.535340e-02
  4.382310e+00   1.644690e-01   1.552850e-02
  4.385040e+00   1.424970e-01   1.548050e-02
  4.387780e+00   1.670810e-01   1.540070e-02
  4.390510e+00   1.672550e-01   1.526560e-02
  4.393240e+00   1.701470e-01   1.543220e-02
  4.395980e+00   1.528750e-01   1.535200e-02
  4.398710e+00   1.542580e-01   1.528350e-02
  4.401450e+00   1.636600e-01   1.534930e-02
  4.404180e+00   1.581570e-01   1.534800e-02
  4.406910e+00   1.443960e-01   1.550270e-02
  4.409650e+00   1.536350e-01   1.545700e-02
  4.412380e+00   1.546920e-01   1.552180e-02
  4.415120e+00   1.708310e-01   1.541520e-02
  4.417850e+00   1.710810e-01   1.541770e-02
  4.420580e+00   1.784980e-01   1.541230e-02
  4.423320e+00   1.515640e-01   1.549180e-02
  4.426050e+00   1.508920e-01   1.534850e-02
  4.428790e+00   1.766690e-01   1.525900e-02
  4.431520e+00   1.520520e-01   1.524880e-02
  4.434250e+00   1.274390e-01   1.528400e-02
  4.436990e+00   1.701150e-01   1.540440e-02
  4.439720e+00   1.708320e-01   1.542060e-02
  4.442460e+00   1.400110e-01   1.529590e-02
  4.445190e+00   1.487300e-01   1.543090e-02
  4.447920e+00   1.659330e-01   1.509430e-02
  4.450660e+00   1.522490e-01   1.555650e-02
  4.453390e+00   1.507500e-01   1.547210e-02
  4.456130e+00   1.606640e-01   1.535030e-02
  4.458860e+00   1.759830e-01   1.531500e-02
  4.461600e+00   1.596450e-01   1.530650e-02
  4.464330e+00   1.832520e-01   1.538240e-02
  4.467060e+00   1.653380e-01   1.531730e-02
  4.469800e+00   1.422780e-01   1.526180e-02
  4.472530e+00   1.532650e-01   1.537120e-02
  4.475270e+00   1.606800e-01   1.531150e-02
  4.478000e+00   1.599310e-01   1.531380e-02
  4.480730e+00   1.408330e-01   1.529880e-02
  4.483470e+00   1.357530e-01   1.530800e-02
  4.486200e+00   1.663380e-01   1.535630e-02
  4.488940e+00   1.936340e-01   1.549330e-02
  4.491670e+00   1.650840e-01   1.539350e-02
  4.494400e+00   1.543640e-01   1.539510e-02
  4.497140e+00   1.719720e-01   1.543340e-02
  4.499870e+00   1.633480e-01   1.537790e-02
  4.502610e+00   1.527520e-01   1.531060e-02
  4.505340e+00   1.566950e-01   1.531800e-02
  4.508070e+00   1.912420e-01   1.545790e-02
  4.510810e+00   1.746060e-01   1.555470e-02
  4.513540e+00   1.704900e-01   1.555490e-02
  4.516280e+00   1.791800e-01   1.537270e-02
  4.519010e+00   1.391320e-01   1.536080e-02
  4.521740e+00   1.420540e-01   1.538480e-02
  4.524480e+00   1.341370e-01   1.519500e-02
  4.527210e+00   1.642690e-01   1.539200e-02
  4.529950e+00   1.664560e-01   1.543970e-02
  4.532680e+00   1.705720e-01   1.547660e-02
  4.535410e+00   1.603700e-01   1.549620e-02
  4.538150e+00   1.632650e-01   1.539450e-02
  4.540880e+00   1.366070e-01   1.545360e-02
  4.543620e+00   1.550120e-01   1.538260e-02
  4.546350e+00   1.524230e-01   1.548610e-02
  4.549080e+00   1.570890e-01   1.527410e-02
  4.551820e+00   1.376130e-01   1.537740e-02
  4.554550e+00   1.662030e-01   1.525520e-02
  4.557290e+00   1.563870e-01   1.539520e-02
  4.560020e+00   1.747180e-01   1.544570e-02
  4.562750e+00   1.370550e-01   1.534710e-02
  4.565490e+00   1.818750e-01   1.549510e-02
  4.568220e+00   1.531790e-01   1.528440e-02
  4.570960e+00   1.510980e-01   1.536830e-02
  4.573690e+00   1.355130e-01   1.529980e-02
  4.576430e+00   1.745430e-01   1.555760e-02
  4.579160e+00   1.555040e-01   1.539780e-02
  4.581890e+00   1.651520e-01   1.549800e-02
  4.584630e+00   1.845870e-01   1.543300e-02
  4.587360e+00   1.644790e-01   1.530120e-02
  4.590100e+00   1.822490e-01   1.553450e-02
  4.592830e+00   1.576440e-01   1.548620e-02
  4.595560e+00   1.574060e-01   1.538580e-02
  4.598300e+00   1.587200e-01   1.553660e-02
  4.601030e+00   1.564930e-01   1.548080e-02
  4.603770e+00   1.592690e-01   1.557190e-02
  4.606500e+00   1.729500e-01   1.557250e-02
  4.609230e+00   1.480470e-01   1.541510e-02
  4.611970e+00   1.553750e-01   1.549660e-02
  4.614700e+00   1.597350e-01   1.539740e-02
  4.617440e+00   1.660540e-01   1.545750e-02
  4.620170e+00   1.648430e-01   1.545060e-02
  4.622900e+00   1.562880e-01   1.537730e-02
  4.625640e+00   1.499270e-01   1.541970e-02
  4.628370e+00   1.493310e-01   1.556720e-02
  4.631110e+00   1.652450e-01   1.544580e-02
  4.633840e+00   1.546640e-01   1.543550e-02
  4.636570e+00   1.711730e-01   1.549060e-02
  4.639310e+00   1.172670e-01   1.524050e-02
  4.642040e+00   1.685830e-01   1.543730e-02
  4.644780e+00   1.642250e-01   1.532670e-02
  4.647510e+00   1.612760e-01   1.537430e-02
  4.650240e+00   1.339790e-01   1.540950e-02
  4.652980e+00   1.651510e-01   1.537140e-02
  4.655710e+00   1.601940e-01   1.537020e-02
  4.658450e+00   1.688430e-01   1.543190e-02
  4.661180e+00   1.617440e-01   1.536610e-02
  4.663910e+00   1.666940e-01   1.517920e-02
  4.666650e+00   1.472310e-01   1.520650e-02
  4.669380e+00   1.673920e-01   1.532850e-02
  4.672120e+00   1.618520e-01   1.528350e-02
  4.674850e+00   1.391420e-01   1.518920e-02
  4.677580e+00   1.559820e-01   1.532630e-02
  4.680320e+00   1.316580e-01   1.520110e-02
  4.683050e+00   1.493940e-01   1.520550e-02
  4.685790e+00   1.596520e-01   1.537210e-02
  4.688520e+00   1.820730e-01   1.534330e-02
  4.691250e+00   1.419370e-01   1.507740e-02
  4.693990e+00   1.655450e-01   1.541420e-02
  4.696720e+00   1.423470e-01   1.538540e-02
  4.699460e+00   1.798980e-01   1.528110e-02
  4.702190e+00   1.447790e-01   1.538000e-02
  4.704930e+00   1.527460e-01   1.547570e-02
  4.707660e+00   1.642550e-01   1.544000e-02
  4.710390e+00   1.759590e-01   1.529050e-02
  4.713130e+00   1.664500e-01   1.560000e-02
  4.715860e+00   1.513280e-01   1.534970e-02
  4.718600e+00   1.396460e-01   1.539190e-02
  4.721330e+00   1.738220e-01   1.543810e-02
  4.724060e+00   1.772840e-01   1.545300e-02
  4.726800e+00   1.457540e-01   1.541520e-02
  4.729530e+00   1.432460e-01   1.535340e-02
  4.732270e+00   1.518660e-01   1.554920e-02
  4.735000e+00   1.507860e-01   1.542090e-02
  4.737730e+00   1.048710e-01   1.533660e-02
  4.740470e+00   1.754930e-01   1.557910e-02
  4.743200e+00   1.573900e-01   1.557500e-02
  4.745940e+00   1.412710e-01   1.543620e-02
  4.748670e+00   1.647910e-01   1.538360e-02
  4.751400e+00   1.733040e-01   1.547610e-02
  4.754140e+00   1.480640e-01   1.535100e-02
  4.756870e+00   1.640850e-01   1.551130e-02
  4.759610e+00   1.344370e-01   1.554600e-02
  4.762340e+00   1.696130e-01   1.549610e-02
  4.765070e+00   1.486050e-01   1.557830e-02
  4.767810e+00   1.600320e-01   1.537240e-02
  4.770540e+00   1.535650e-01   1.556970e-02
  4.773280e+00   1.590690e-01   1.541290e-02
  4.776010e+00   1.746890e-01   1.561760e-02
  4.778740e+00   1.534100e-01   1.551400e-02
  4.781480e+00   1.519130e-01   1.548550e-02
  4.784210e+00   1.802860e-01   1.549840e-02
  4.786950e+00   1.555990e-01   1.550700e-02
  4.789680e+00   1.765230e-01   1.554780e-02
  4.792410e+00   1.393060e-01   1.557940e-02
  4.795150e+00   1.509290e-01   1.539070e-02
  4.797880e+00   1.722590e-01   1.554590e-02
  4.800620e+00   1.363280e-01   1.531140e-02
  4.803350e+00   1.425310e-01   1.553890e-02
  4.806080e+00   1.385510e-01   1.545270e-02
  4.808820e+00   1.494620e-01   1.547730e-02
  4.811550e+00   1.734030e-01   1.541820e-02
  4.814290e+00   1.661530e-01   1.549500e-02
  4.817020e+00   1.674540e-01   1.549500e-02
  4.819750e+00   1.457900e-01   1.545470e-02
  4.822490e+00   1.773880e-01   1.562160e-02
  4.825220e+00   1.570670e-01   1.540110e-02
  4.827960e+00   1.573820e-01   1.565630e-02
  4.830690e+00   1.693270e-01   1.549070e-02
  4.833430e+00   1.446380e-01   1.543720e-02
  4.836160e+00   1.670900e-01   1.549300e-02
  4.838890e+00   1.427140e-01   1.549520e-02
  4.841630e+00   1.652920e-01   1.558010e-02
  4.844360e+00   1.569980e-01   1.544000e-02
  4.847100e+00   1.711400e-01   1.542340e-02
  4.849830e+00   1.663160e-01   1.568190e-02
  4.852560e+00   1.509090e-01   1.527040e-02
  4.855300e+00   1.418720e-01   1.544800e-02
  4.858030e+00   1.500040e-01   1.549650e-02
  4.860770e+00   1.467170e-01   1.553880e-02
  4.863500e+00   1.533930e-01   1.558350e-02
  4.866230e+00   1.443470e-01   1.545100e-02
  4.868970e+00   1.586310e-01   1.550380e-02
  4.871700e+00   1.452390e-01   1.555310e-02
  4.874440e+00   1.329190e-01   1.537970e-02
  4.877170e+00   1.518070e-01   1.550680e-02
  4.879900e+00   1.224560e-01   1.544650e-02
  4.882640e+00   1.756800e-01   1.575070e-02
  4.885370e+00   1.571010e-01   1.556780e-02
  4.888110e+00   1.737020e-01   1.568450e-02
  4.890840e+00   1.474990e-01   1.562720e-02
  4.893570e+00   1.548620e-01   1.557540e-02
  4.896310e+00   1.430930e-01   1.548480e-02
  4.899040e+00   1.403560e-01   1.546800e-02
  4.901780e+00   1.668200e-01   1.562200e-02
  4.904510e+00   1.918980e-01   1.534120e-02
  4.907240e+00   1.683670e-01   1.557430e-02
  4.909980e+00   1.739860e-01   1.568020e-02
  4.912710e+00   1.767430e-01   1.558760e-02
  4.915450e+00   1.383540e-01   1.566490e-02
  4.918180e+00   1.873450e-01   1.572250e-02
  4.920910e+00   1.572380e-01   1.548940e-02
  4.923650e+00   1.144110e-01   1.550150e-02
  4.926380e+00   1.528530e-01   1.549500e-02
  4.929120e+00   1.483040e-01   1.553750e-02
  4.931850e+00   1.566300e-01   1.554430e-02
  4.934580e+00   1.368140e-01   1.542750e-02
  4.937320e+00   1.627890e-01   1.557580e-02
  4.940050e+00   1.684780e-01   1.567650e-02
  4.942790e+00   1.537690e-01   1.557150e-02
  4.945520e+00   1.421110e-01   1.548640e-02
  4.948250e+00   1.459040e-01   1.562960e-02
  4.950990e+00   1.613240e-01   1.554350e-02
  4.953720e+00   1.394330e-01   1.556150e-02
  4.956460e+00   1.601100e-01   1.552310e-02
  4.959190e+00   1.351600e-01   1.550920e-02
  4.961930e+00   1.406640e-01   1.560840e-02
  4.964660e+00   1.367950e-01   1.549410e-02
  4.967390e+00   1.519010e-01   1.550520e-02
  4.970130e+00   1.455910e-01   1.546940e-02
  4.972860e+00   1.587940e-01   1.562210e-02
  4.975600e+00   1.331730e-01   1.547350e-02
  4.978330e+00   1.574780e-01   1.550250e-02
  4.981060e+00   1.491380e-01   1.560780e-02
  4.983800e+00   1.542170e-01   1.564750e-02
  4.986530e+00   1.665490e-01   1.562910e-02
  4.989270e+00   1.732220e-01   1.553340e-02
  4.992000e+00   1.380800e-01   1.560010e-02
  4.994730e+00   1.656310e-01   1.571480e-02
  4.997470e+00   1.752850e-01   1.549910e-02
  5.000200e+00   1.422110e-01   1.543710e-02
  5.002940e+00   1.487010e-01   1.571180e-02
  5.005670e+00   1.507850e-01   1.570520e-02
  5.008400e+00   1.890000e-01   1.562350e-02
  5.011140e+00   1.540330e-01   1.561300e-02
  5.013870e+00   1.232680e-01   1.555060e-02
  5.016610e+00   1.372680e-01   1.546970e-02
  5.019340e+00   1.462040e-01   1.558140e-02
  5.022070e+00   1.384910e-01   1.567230e-02
  5.024810e+00   1.288550e-01   1.557250e-02
  5.027540e+00   1.640520e-01   1.566900e-02
  5.030280e+00   1.563170e-01   1.565140e-02
  5.033010e+00   1.633540e-01   1.557560e-02
  5.035740e+00   1.514360e-01   1.554360e-02
  5.038480e+00   1.565570e-01   1.554100e-02
  5.041210e+00   1.475480e-01   1.561380e-02
  5.043950e+00   1.537340e-01   1.565260e-02
  5.046680e+00   1.773810e-01   1.543950e-02
  5.049410e+00   1.718100e-01   1.570050e-02
  5.052150e+00   1.812130e-01   1.591720e-02
  5.054880e+00   1.603000e-01   1.563820e-02
  5.057620e+00   1.578920e-01   1.575350e-02
  5.060350e+00   1.502550e-01   1.570980e-02
  5.063080e+00   1.486260e-01   1.560030e-02
  5.065820e+00   1.467380e-01   1.575400e-02
  5.068550e+00   1.480900e-01   1.564520e-02
  5.071290e+00   1.837250e-01   1.562860e-02
  5.074020e+00   1.226500e-01   1.564960e-02
  5.076760e+00   1.761420e-01   1.568910e-02
  5.079490e+00   1.328860e-01   1.584020e-02
  5.082220e+00   1.610630e-01   1.578590e-02
  5.084960e+00   1.243570e-01   1.571600e-02
  5.087690e+00   1.485870e-01   1.570180e-02
  5.090430e+00   1.369110e-01   1.575590e-02
  5.093160e+00   1.489340e-01   1.556810e-02
  5.095890e+00   1.635560e-01   1.585480e-02
  5.098630e+00   1.518800e-01   1.569390e-02
  5.101360e+00   1.521430e-01   1.583040e-02
  5.104100e+00   1.518090e-01   1.580050e-02
  5.106830e+00   1.699550e-01   1.584200e-02
  5.109560e+00   1.545850e-01   1.583400e-02
  5.112300e+00   1.644740e-01   1.588990e-02
  5.115030e+00   1.439900e-01   1.573790e-02
  5.117770e+00   1.441780e-01   1.579930e-02
  5.120500e+00   1.672580e-01   1.580640e-02
  5.123230e+00   1.548040e-01   1.570820e-02
  5.125970e+00   1.710930e-01   1.577950e-02
  5.128700e+00   1.216480e-01   1.568060e-02
  5.131440e+00   1.760760e-01   1.568670e-02
  5.134170e+00   1.313760e-01   1.580710e-02
  5.136900e+00   1.532570e-01   1.581590e-02
  5.139640e+00   1.485180e-01   1.577640e-02
  5.142370e+00   1.405870e-01   1.562120e-02
  5.145110e+00   1.643400e-01   1.567670e-02
  5.147840e+00   1.646980e-01   1.592960e-02
  5.150570e+00   1.566200e-01   1.575720e-02
  5.153310e+00   1.284450e-01   1.575490e-02
  5.156040e+00   1.543470e-01   1.588400e-02
  5.158780e+00   1.680620e-01   1.571070e-02
  5.161510e+00   1.406360e-01   1.593480e-02
  5.164240e+00   1.484100e-01   1.567110e-02
  5.166980e+00   1.421510e-01   1.582550e-02
  5.169710e+00   1.568190e-01   1.586320e-02
  5.172450e+00   1.719780e-01   1.601060e-02
  5.175180e+00   1.207120e-01   1.599170e-02
  5.177910e+00   1.474220e-01   1.591320e-02
  5.180650e+00   1.496450e-01   1.592900e-02
  5.183380e+00   1.383160e-01   1.589640e-02
  5.186120e+00   1.844880e-01   1.582730e-02
  5.188850e+00   1.390660e-01   1.590560e-02
  5.191580e+00   1.573540e-01   1.587900e-02
  5.194320e+00   1.522270e-01   1.600420e-02
  5.197050e+00   1.396530e-01   1.596750e-02
  5.199790e+00   1.327120e-01   1.585050e-02
  5.202520e+00   1.591070e-01   1.583850e-02
  5.205260e+00   1.342630e-01   1.581020e-02
  5.207990e+00   1.438990e-01   1.578340e-02
  5.210720e+00   1.292080e-01   1.583870e-02
  5.213460e+00   1.659260e-01   1.610520e-02
  5.216190e+00   1.399970e-01   1.583960e-02
  5.218930e+00   1.635450e-01   1.588420e-02
  5.221660e+00   1.337090e-01   1.588400e-02
  5.224390e+00   1.566930e-01   1.581040e-02
  5.227130e+00   1.640670e-01   1.583130e-02
  5.229860e+00   1.250790e-01   1.582860e-02
  5.232600e+00   1.775920e-01   1.597990e-02
  5.235330e+00   1.678580e-01   1.600130e-02
  5.238060e+00   1.558360e-01   1.599680e-02
  5.240800e+00   1.530240e-01   1.595630e-02
  5.243530e+00   1.787280e-01   1.591260e-02
  5.246270e+00   1.751400e-01   1.593640e-02
  5.249000e+00   1.597560e-01   1.598790e-02
  5.251730e+00   1.585790e-01   1.588520e-02
  5.254470e+00   1.557550e-01   1.604080e-02
  5.257200e+00   1.520160e-01   1.594470e-02
  5.259940e+00   1.664760e-01   1.589550e-02
  5.262670e+00   1.665630e-01   1.588560e-02
  5.265400e+00   1.488760e-01   1.588010e-02
  5.268140e+00   1.586890e-01   1.602460e-02
  5.270870e+00   1.563830e-01   1.600760e-02
  5.273610e+00   1.477780e-01   1.589520e-02
  5.276340e+00   1.403160e-01   1.601710e-02
  5.279070e+00   1.252710e-01   1.602900e-02
  5.281810e+00   1.573850e-01   1.617040e-02
  5.284540e+00   1.376820e-01   1.584270e-02
  5.287280e+00   1.710360e-01   1.896470e-02
  5.290010e+00   1.763330e-01   2.026530e-02
  5.292740e+00   1.531690e-01   2.209190e-02
  5.295480e+00   1.690910e-01   2.406050e-02
  5.298210e+00   1.297910e-01   2.563670e-02
  5.300950e+00   1.866400e-01   2.659970e-02
  5.303680e+00   1.559790e-01   2.818150e-02
  5.306410e+00   1.447590e-01   2.919720e-02
  5.309150e+00   2.329000e-01   3.149430e-02
  5.311880e+00   1.527280e-01   2.103250e-02
  5.314620e+00   1.406450e-01   2.030570e-02
  5.317350e+00   1.419970e-01   1.878900e-02
  5.320080e+00   1.396850e-01   1.826190e-02
  5.322820e+00   1.586700e-01   1.801010e-02
  5.325550e+00   1.704470e-01   1.782320e-02
  5.328290e+00   1.491970e-01   1.781980e-02
  5.331020e+00   1.359430e-01   1.766580e-02
  5.333760e+00   1.720950e-01   1.765480e-02
  5.336490e+00   1.323970e-01   1.743420e-02
  5.339220e+00   1.324500e-01   1.744370e-02
  5.341960e+00   1.311240e-01   1.739610e-02
  5.344690e+00   1.408190e-01   1.714140e-02
  5.347430e+00   1.332090e-01   1.680550e-02
  5.350160e+00   1.601640e-01   1.673060e-02
  5.352890e+00   1.648920e-01   1.650750e-02
  5.355630e+00   1.699610e-01   1.640590e-02
  5.358360e+00   1.656720e-01   1.608060e-02
  5.361100e+00   1.439660e-01   1.602250e-02
  5.363830e+00   1.604700e-01   1.610730e-02
  5.366560e+00   1.400610e-01   1.578300e-02
  5.369300e+00   1.303850e-01   1.596060e-02
  5.372030e+00   1.483390e-01   1.586450e-02
  5.374770e+00   1.657880e-01   1.605630e-02
  5.377500e+00   1.560780e-01   1.601320e-02
  5.380230e+00   1.262490e-01   1.589170e-02
  5.382970e+00   1.349740e-01   1.606960e-02
  5.385700e+00   1.437770e-01   1.605160e-02
  5.388440e+00   1.420230e-01   1.579080e-02
  5.391170e+00   1.500510e-01   1.582030e-02
  5.393900e+00   1.454210e-01   1.612170e-02
  5.396640e+00   1.531660e-01   1.604870e-02
  5.399370e+00   1.309960e-01   1.601440e-02
  5.402110e+00   1.511480e-01   1.592720e-02
  5.404840e+00   1.330920e-01   1.594100e-02
  5.407570e+00   1.705130e-01   1.606580e-02
  5.410310e+00   1.512640e-01   1.595080e-02
  5.413040e+00   1.533730e-01   1.598770e-02
  5.415780e+00   1.444900e-01   1.615710e-02
  5.418510e+00   1.578280e-01   1.596500e-02
  5.421240e+00   1.768130e-01   1.589930e-02
  5.423980e+00   1.481970e-01   1.587590e-02
  5.426710e+00   1.558150e-01   1.623890e-02
  5.429450e+00   1.488720e-01   1.609210e-02
  5.432180e+00   1.745330e-01   1.600470e-02
  5.434910e+00   1.353570e-01   1.605780e-02
  5.437650e+00   1.458680e-01   1.602370e-02
  5.440380e+00   1.988020e-01   1.591030e-02
  5.443120e+00   1.475240e-01   1.598970e-02
  5.445850e+00   1.252850e-01   1.591210e-02
  5.448580e+00   1.654600e-01   1.623420e-02
  5.451320e+00   1.612910e-01   1.604060e-02
  5.454050e+00   1.467790e-01   1.612580e-02
  5.456790e+00   1.784610e-01   1.611060e-02
  5.459520e+00   1.560770e-01   1.607130e-02
  5.462260e+00   1.410600e-01   1.602160e-02
  5.464990e+00   1.436130e-01   1.602040e-02
  5.467720e+00   1.361800e-01   1.615410e-02
  5.470460e+00   1.552620e-01   1.604200e-02
  5.473190e+00   1.394410e-01   1.576250e-02
  5.475930e+00   1.430320e-01   1.592470e-02
  5.478660e+00   1.640060e-01   1.589470e-02
  5.481390e+00   1.429210e-01   1.600200e-02
  5.484130e+00   1.665580e-01   1.610750e-02
  5.486860e+00   1.578450e-01   1.581870e-02
  5.489600e+00   1.150690e-01   1.590140e-02
  5.492330e+00   1.432570e-01   1.590310e-02
  5.495060e+00   1.557420e-01   1.602340e-02
  5.497800e+00   1.719660e-01   1.595210e-02
  5.500530e+00   1.607790e-01   1.598850e-02
  5.503270e+00   1.532520e-01   1.596670e-02
  5.506000e+00   1.386210e-01   1.605550e-02
  5.508730e+00   1.734960e-01   1.607280e-02
  5.511470e+00   1.698300e-01   1.598860e-02
  5.514200e+00   1.479580e-01   1.597510e-02
  5.516940e+00   1.577550e-01   1.611120e-02
  5.519670e+00   1.157710e-01   1.606890e-02
  5.522400e+00   2.150370e-01   1.608180e-02
  5.525140e+00   1.459190e-01   1.589170e-02
  5.527870e+00   1.706890e-01   1.923410e-02
  5.530610e+00   1.340550e-01   2.065820e-02
  5.533340e+00   1.676140e-01   2.286260e-02
  5.536070e+00   1.615810e-01   1.858900e-02
  5.538810e+00   1.184250e-01   1.781320e-02
  5.541540e+00   1.696580e-01   1.722970e-02
  5.544280e+00   1.454880e-01   1.673280e-02
  5.547010e+00   1.633890e-01   1.673230e-02
  5.549740e+00   1.442180e-01   1.683160e-02
  5.552480e+00   1.541240e-01   1.654780e-02
  5.555210e+00   1.534400e-01   1.655940e-02
  5.557950e+00   1.646490e-01   1.653600e-02
  5.560680e+00   1.510480e-01   1.639520e-02
  5.563410e+00   1.471440e-01   1.657340e-02
  5.566150e+00   1.392590e-01   1.649990e-02
  5.568880e+00   1.588570e-01   1.647790e-02
  5.571620e+00   1.380840e-01   1.657040e-02
  5.574350e+00   1.426200e-01   1.664960e-02
  5.577090e+00   1.689010e-01   1.654150e-02
  5.579820e+00   1.395150e-01   1.644510e-02
  5.582550e+00   1.349790e-01   1.620190e-02
  5.585290e+00   1.647780e-01   1.604600e-02
  5.588020e+00   1.734930e-01   1.604960e-02
  5.590760e+00   1.419370e-01   1.604750e-02
  5.593490e+00   1.777660e-01   1.614760e-02
  5.596220e+00   1.578310e-01   1.611640e-02
  5.598960e+00   1.617520e-01   1.630020e-02
  5.601690e+00   1.293550e-01   1.607040e-02
  5.604430e+00   1.468390e-01   1.612220e-02
  5.607160e+00   1.426670e-01   1.591580e-02
  5.609890e+00   1.633610e-01   1.594650e-02
  5.612630e+00   1.256820e-01   1.614830e-02
  5.615360e+00   1.410150e-01   1.609250e-02
  5.618100e+00   1.560850e-01   1.606010e-02
  5.620830e+00   1.561890e-01   1.593500e-02
  5.623560e+00   1.633430e-01   1.598290e-02
  5.626300e+00   1.700550e-01   1.613490e-02
  5.629030e+00   1.438240e-01   1.587580e-02
  5.631770e+00   1.578340e-01   1.597980e-02
  5.634500e+00   1.398150e-01   1.607560e-02
  5.637230e+00   1.513930e-01   1.610180e-02
  5.639970e+00   1.565590e-01   1.600740e-02
  5.642700e+00   1.406940e-01   1.594410e-02
  5.645440e+00   1.377000e-01   1.601000e-02
  5.648170e+00   1.613960e-01   1.605520e-02
  5.650900e+00   1.340550e-01   1.604920e-02
  5.653640e+00   1.458600e-01   1.596330e-02
  5.656370e+00   1.369390e-01   1.608110e-02
  5.659110e+00   1.596160e-01   1.604900e-02
  5.661840e+00   1.649860e-01   1.604750e-02
  5.664570e+00   1.484350e-01   1.613470e-02
  5.667310e+00   1.394320e-01   1.605500e-02
  5.670040e+00   1.501520e-01   1.602660e-02
  5.672780e+00   1.581580e-01   1.594590e-02
  5.675510e+00   1.722870e-01   1.597260e-02
  5.678240e+00   1.494690e-01   1.610290e-02
  5.680980e+00   1.725010e-01   1.603750e-02
  5.683710e+00   1.373570e-01   1.607770e-02
  5.686450e+00   1.692390e-01   1.615970e-02
  5.689180e+00   1.678610e-01   1.607190e-02
  5.691910e+00   1.312350e-01   1.596430e-02
  5.694650e+00   1.350840e-01   1.606700e-02
  5.697380e+00   1.552180e-01   1.607670e-02
  5.700120e+00   1.325550e-01   1.605370e-02
  5.702850e+00   1.603320e-01   1.605820e-02
  5.705590e+00   1.635490e-01   1.604180e-02
  5.708320e+00   1.691570e-01   1.630430e-02
  5.711050e+00   1.635100e-01   1.605920e-02
  5.713790e+00   1.489870e-01   1.616540e-02
  5.716520e+00   1.595140e-01   1.609360e-02
  5.719260e+00   1.841590e-01   1.618810e-02
  5.721990e+00   1.286960e-01   1.612550e-02
  5.724720e+00   1.519230e-01   1.629100e-02
  5.727460e+00   1.371110e-01   1.589760e-02
  5.730190e+00   1.607340e-01   1.613120e-02
  5.732930e+00   1.501240e-01   1.615220e-02
  5.735660e+00   1.410500e-01   1.613830e-02
  5.738390e+00   1.482440e-01   1.602440e-02
  5.741130e+00   1.398700e-01   1.606240e-02
  5.743860e+00   1.822210e-01   1.618190e-02
  5.746600e+00   1.486400e-01   1.617930e-02
  5.749330e+00   1.400280e-01   1.622450e-02
  5.752060e+00   1.463160e-01   1.598870e-02
  5.754800e+00   1.645770e-01   1.633810e-02
  5.757530e+00   1.529280e-01   1.644300e-02
  5.760270e+00   1.549050e-01   1.612990e-02
  5.763000e+00   1.356040e-01   1.620010e-02
  5.765730e+00   1.647410e-01   1.626140e-02
  5.768470e+00   1.778990e-01   1.617810e-02
  5.771200e+00   1.645090e-01   1.606760e-02
  5.773940e+00   1.590210e-01   1.604090e-02
  5.776670e+00   1.577580e-01   1.630210e-02
  5.779400e+00   1.533250e-01   1.630870e-02
  5.782140e+00   1.467030e-01   1.623780e-02
  5.784870e+00   1.631620e-01   1.615370e-02
  5.787610e+00   1.414250e-01   1.629710e-02
  5.790340e+00   1.632000e-01   1.619510e-02
  5.793070e+00   1.433380e-01   1.622800e-02
  5.795810e+00   1.616770e-01   1.639340e-02
  5.798540e+00   1.781970e-01   1.605020e-02
  5.801280e+00   1.453960e-01   1.629730e-02
  5.804010e+00   1.314500e-01   1.619560e-02
  5.806740e+00   1.842670e-01   1.626570e-02
  5.809480e+00   1.706060e-01   1.612390e-02
  5.812210e+00   1.584660e-01   1.615960e-02
  5.814950e+00   1.341430e-01   1.596930e-02
  5.817680e+00   1.562020e-01   1.603110e-02
  5.820410e+00   1.503160e-01   1.620340e-02
  5.823150e+00   1.449190e-01   1.598320e-02
  5.825880e+00   1.691160e-01   1.625440e-02
  5.828620e+00   1.546900e-01   1.620120e-02
  5.831350e+00   1.565370e-01   1.636110e-02
  5.834090e+00   1.595080e-01   1.617830e-02
  5.836820e+00   1.282910e-01   1.619580e-02
  5.839550e+00   1.462290e-01   1.616070e-02
  5.842290e+00   1.620030e-01   1.611640e-02
  5.845020e+00   1.782060e-01   1.630020e-02
  5.847760e+00   1.478500e-01   1.628820e-02
  5.850490e+00   1.592900e-01   1.626370e-02
  5.853220e+00   1.627020e-01   1.616430e-02
  5.855960e+00   1.721820e-01   1.635720e-02
  5.858690e+00   1.639120e-01   1.619100e-02
  5.861430e+00   1.548250e-01   1.633530e-02
  5.864160e+00   1.478390e-01   1.633000e-02
  5.866890e+00   1.586230e-01   1.625840e-02
  5.869630e+00   1.484540e-01   1.640520e-02
  5.872360e+00   1.514370e-01   1.620870e-02
  5.875100e+00   1.421170e-01   1.627580e-02
  5.877830e+00   1.588850e-01   1.614470e-02
  5.880560e+00   1.474940e-01   1.627480e-02
  5.883300e+00   1.585350e-01   1.644190e-02
  5.886030e+00   1.755730e-01   1.635960e-02
  5.888770e+00   1.219830e-01   1.621070e-02
  5.891500e+00   1.339320e-01   1.631100e-02
  5.894230e+00   1.649620e-01   1.624630e-02
  5.896970e+00   1.492220e-01   1.610700e-02
  5.899700e+00   1.378130e-01   1.632620e-02
  5.902440e+00   1.661000e-01   1.623530e-02
  5.905170e+00   1.407290e-01   1.625660e-02
  5.907900e+00   1.507630e-01   1.638850e-02
  5.910640e+00   1.329370e-01   1.643220e-02
  5.913370e+00   1.462370e-01   1.645190e-02
  5.916110e+00   1.513200e-01   1.630880e-02
  5.918840e+00   1.594550e-01   1.637470e-02
  5.921570e+00   1.771700e-01   1.629520e-02
  5.924310e+00   1.407760e-01   1.649720e-02
  5.927040e+00   1.487160e-01   1.648690e-02
  5.929780e+00   1.327780e-01   1.632180e-02
  5.932510e+00   1.374920e-01   1.611760e-02
  5.935240e+00   1.542870e-01   1.644270e-02
  5.937980e+00   1.590260e-01   1.626650e-02
  5.940710e+00   1.210830e-01   1.641920e-02
  5.943450e+00   1.758380e-01   1.639450e-02
  5.946180e+00   1.558310e-01   1.650190e-02
  5.948920e+00   1.493660e-01   1.648940e-02
  5.951650e+00   1.794350e-01   1.638180e-02
  5.954380e+00   1.545910e-01   1.637150e-02
  5.957120e+00   1.669060e-01   1.637760e-02
  5.959850e+00   1.565490e-01   1.636360e-02
  5.962590e+00   1.584090e-01   1.629740e-02
  5.965320e+00   1.231850e-01   1.646060e-02
  5.968050e+00   1.582220e-01   1.656520e-02
  5.970790e+00   1.468340e-01   1.997560e-02
  5.973520e+00   1.765590e-01   2.140560e-02
  5.976260e+00   1.589050e-01   2.389470e-02
  5.978990e+00   1.197400e-01   2.618990e-02
  5.981720e+00   1.619200e-01   2.706330e-02
  5.984460e+00   1.392750e-01   2.920100e-02
  5.987190e+00   1.661940e-01   3.094910e-02
  5.989930e+00   1.269780e-01   3.233240e-02
  5.992660e+00   1.681820e-01   3.458140e-02
  5.995390e+00   2.248770e-01   3.720590e-02
  5.998130e+00   1.561750e-01   3.948180e-02
  6.000860e+00   7.160920e-02   4.306940e-02
  6.003600e+00   1.868970e-01   4.840130e-02
  6.006330e+00   1.021690e-01   5.479960e-02
  6.009060e+00   2.065300e-01   6.412680e-02
  6.011800e+00   1.583940e-01   8.005540e-02
  6.014530e+00  -5.056000e-02   1.176740e-01
parent: myo_112.dat
parent-concentration: 0.800 * 0.9833
parent: myo_110.dat
parent-concentration: 2.000 * 0.9315
parent: myo_108.dat
parent-concentration: 8.000 * 0.9144
parent: myo_106.dat
parent-concentration: 25.000 * 1.0000
creator: almerge
creator-version: 1.0 (r4339)
