 20-Sep-2012       (dar_136.dat - 1.0*Aver(dar_135.dat,dar_137.dat) / 24.8900 
 dar_136.dat  Conc = .25E+02  N1 =    1  N2 = 2168
 dar_135.dat  Conc = 0.0d+0   N1 =    1  N2 = 2168
 dar_137.dat  Conc = 0.0d+0   N1 =    1  N2 = 2168
  0.871252E-01  0.769194E+02  0.429303E+01
  0.898592E-01  0.735719E+02  0.146647E+01
  0.925932E-01  0.753461E+02  0.121749E+01
  0.953273E-01  0.743755E+02  0.111743E+01
  0.980613E-01  0.742262E+02  0.996718E+00
  0.100795E+00  0.742853E+02  0.928799E+00
  0.103529E+00  0.738435E+02  0.854825E+00
  0.106263E+00  0.732855E+02  0.810616E+00
  0.108998E+00  0.728740E+02  0.736409E+00
  0.111732E+00  0.731615E+02  0.703001E+00
  0.114466E+00  0.721364E+02  0.671260E+00
  0.117200E+00  0.717497E+02  0.633195E+00
  0.119934E+00  0.722047E+02  0.604656E+00
  0.122668E+00  0.721133E+02  0.573562E+00
  0.125402E+00  0.712489E+02  0.550806E+00
  0.128136E+00  0.713017E+02  0.537595E+00
  0.130870E+00  0.711583E+02  0.510913E+00
  0.133604E+00  0.714231E+02  0.500239E+00
  0.136338E+00  0.712766E+02  0.478022E+00
  0.139072E+00  0.714675E+02  0.465612E+00
  0.141806E+00  0.701997E+02  0.446310E+00
  0.144540E+00  0.702125E+02  0.438191E+00
  0.147274E+00  0.703232E+02  0.431742E+00
  0.150008E+00  0.699541E+02  0.414847E+00
  0.152742E+00  0.698478E+02  0.409092E+00
  0.155476E+00  0.696935E+02  0.395693E+00
  0.158210E+00  0.693268E+02  0.391167E+00
  0.160944E+00  0.691388E+02  0.379896E+00
  0.163678E+00  0.693538E+02  0.376378E+00
  0.166412E+00  0.689778E+02  0.367837E+00
  0.169146E+00  0.686321E+02  0.360430E+00
  0.171881E+00  0.686629E+02  0.356656E+00
  0.174615E+00  0.683297E+02  0.349245E+00
  0.177349E+00  0.676544E+02  0.343297E+00
  0.180083E+00  0.677747E+02  0.336748E+00
  0.182817E+00  0.675596E+02  0.334901E+00
  0.185551E+00  0.672715E+02  0.330979E+00
  0.188285E+00  0.669507E+02  0.323521E+00
  0.191019E+00  0.668810E+02  0.319918E+00
  0.193753E+00  0.665486E+02  0.317727E+00
  0.196487E+00  0.663781E+02  0.313634E+00
  0.199221E+00  0.662678E+02  0.311909E+00
  0.201955E+00  0.658767E+02  0.302648E+00
  0.204689E+00  0.657191E+02  0.303440E+00
  0.207423E+00  0.655593E+02  0.300165E+00
  0.210157E+00  0.654354E+02  0.300095E+00
  0.212891E+00  0.652835E+02  0.296962E+00
  0.215625E+00  0.649459E+02  0.292742E+00
  0.218359E+00  0.646257E+02  0.293683E+00
  0.221093E+00  0.645469E+02  0.289060E+00
  0.223827E+00  0.645162E+02  0.288348E+00
  0.226561E+00  0.641177E+02  0.286319E+00
  0.229295E+00  0.638554E+02  0.282708E+00
  0.232029E+00  0.639998E+02  0.285143E+00
  0.234764E+00  0.636428E+02  0.278648E+00
  0.237498E+00  0.636813E+02  0.281923E+00
  0.240232E+00  0.633653E+02  0.277502E+00
  0.242966E+00  0.631039E+02  0.276301E+00
  0.245700E+00  0.625515E+02  0.275056E+00
  0.248434E+00  0.621197E+02  0.268398E+00
  0.251168E+00  0.618973E+02  0.270241E+00
  0.253902E+00  0.617396E+02  0.267735E+00
  0.256636E+00  0.613545E+02  0.265166E+00
  0.259370E+00  0.611590E+02  0.263235E+00
  0.262104E+00  0.607469E+02  0.259706E+00
  0.264838E+00  0.604533E+02  0.260256E+00
  0.267572E+00  0.603252E+02  0.257630E+00
  0.270306E+00  0.601695E+02  0.255612E+00
  0.273040E+00  0.597243E+02  0.254174E+00
  0.275774E+00  0.595059E+02  0.250906E+00
  0.278508E+00  0.589581E+02  0.251197E+00
  0.281242E+00  0.589697E+02  0.247808E+00
  0.283976E+00  0.585413E+02  0.246819E+00
  0.286710E+00  0.582534E+02  0.245830E+00
  0.289444E+00  0.576903E+02  0.241897E+00
  0.292178E+00  0.577131E+02  0.242157E+00
  0.294912E+00  0.572108E+02  0.239012E+00
  0.297647E+00  0.571509E+02  0.238661E+00
  0.300381E+00  0.567415E+02  0.237281E+00
  0.303115E+00  0.563182E+02  0.234933E+00
  0.305849E+00  0.561233E+02  0.233189E+00
  0.308583E+00  0.558964E+02  0.232264E+00
  0.311317E+00  0.554256E+02  0.229777E+00
  0.314051E+00  0.551465E+02  0.229185E+00
  0.316785E+00  0.550185E+02  0.226657E+00
  0.319519E+00  0.543002E+02  0.224990E+00
  0.322253E+00  0.541161E+02  0.224316E+00
  0.324987E+00  0.538500E+02  0.222539E+00
  0.327721E+00  0.536108E+02  0.220721E+00
  0.330455E+00  0.532331E+02  0.219319E+00
  0.333189E+00  0.531218E+02  0.219011E+00
  0.335923E+00  0.526891E+02  0.217640E+00
  0.338657E+00  0.522805E+02  0.215044E+00
  0.341391E+00  0.519956E+02  0.212549E+00
  0.344125E+00  0.515699E+02  0.212041E+00
  0.346859E+00  0.512455E+02  0.210447E+00
  0.349593E+00  0.509238E+02  0.210216E+00
  0.352327E+00  0.507318E+02  0.207716E+00
  0.355061E+00  0.503186E+02  0.205932E+00
  0.357795E+00  0.501716E+02  0.205771E+00
  0.360530E+00  0.496974E+02  0.204425E+00
  0.363264E+00  0.493247E+02  0.203179E+00
  0.365998E+00  0.490083E+02  0.200863E+00
  0.368732E+00  0.485741E+02  0.199759E+00
  0.371466E+00  0.484899E+02  0.200482E+00
  0.374200E+00  0.482502E+02  0.197596E+00
  0.376934E+00  0.477139E+02  0.196762E+00
  0.379668E+00  0.473346E+02  0.195142E+00
  0.382402E+00  0.469342E+02  0.193679E+00
  0.385136E+00  0.467181E+02  0.193244E+00
  0.387870E+00  0.463811E+02  0.190747E+00
  0.390604E+00  0.459054E+02  0.190056E+00
  0.393338E+00  0.455965E+02  0.188064E+00
  0.396072E+00  0.452995E+02  0.187399E+00
  0.398806E+00  0.451054E+02  0.185694E+00
  0.401540E+00  0.449214E+02  0.185932E+00
  0.404274E+00  0.445387E+02  0.184783E+00
  0.407008E+00  0.441026E+02  0.182540E+00
  0.409742E+00  0.437933E+02  0.181077E+00
  0.412476E+00  0.434251E+02  0.179565E+00
  0.415210E+00  0.429970E+02  0.178640E+00
  0.417944E+00  0.426879E+02  0.177864E+00
  0.420678E+00  0.422402E+02  0.174936E+00
  0.423413E+00  0.419356E+02  0.174801E+00
  0.426147E+00  0.415911E+02  0.172048E+00
  0.428881E+00  0.412843E+02  0.172198E+00
  0.431615E+00  0.408207E+02  0.170322E+00
  0.434349E+00  0.404869E+02  0.168333E+00
  0.437083E+00  0.401045E+02  0.167929E+00
  0.439817E+00  0.398276E+02  0.166028E+00
  0.442551E+00  0.393230E+02  0.164703E+00
  0.445285E+00  0.389945E+02  0.162511E+00
  0.448019E+00  0.386464E+02  0.161761E+00
  0.450753E+00  0.384224E+02  0.161369E+00
  0.453487E+00  0.380500E+02  0.159212E+00
  0.456221E+00  0.377168E+02  0.158635E+00
  0.458955E+00  0.371909E+02  0.155680E+00
  0.461689E+00  0.370772E+02  0.156121E+00
  0.464423E+00  0.366720E+02  0.154464E+00
  0.467157E+00  0.363668E+02  0.152353E+00
  0.469891E+00  0.358834E+02  0.151806E+00
  0.472625E+00  0.356092E+02  0.150095E+00
  0.475359E+00  0.353240E+02  0.149272E+00
  0.478093E+00  0.349928E+02  0.147530E+00
  0.480827E+00  0.345553E+02  0.145896E+00
  0.483561E+00  0.343057E+02  0.145837E+00
  0.486296E+00  0.339944E+02  0.143943E+00
  0.489030E+00  0.336686E+02  0.143197E+00
  0.491764E+00  0.332843E+02  0.141093E+00
  0.494498E+00  0.328560E+02  0.139429E+00
  0.497232E+00  0.326652E+02  0.139472E+00
  0.499966E+00  0.322541E+02  0.137513E+00
  0.502700E+00  0.319564E+02  0.136014E+00
  0.505434E+00  0.314840E+02  0.134536E+00
  0.508168E+00  0.315945E+02  0.135071E+00
  0.510902E+00  0.311080E+02  0.133597E+00
  0.513636E+00  0.308312E+02  0.131791E+00
  0.516370E+00  0.306628E+02  0.131755E+00
  0.519104E+00  0.303039E+02  0.130348E+00
  0.521838E+00  0.300973E+02  0.129716E+00
  0.524572E+00  0.296418E+02  0.127916E+00
  0.527306E+00  0.293968E+02  0.126463E+00
  0.530040E+00  0.291001E+02  0.126071E+00
  0.532774E+00  0.286029E+02  0.123423E+00
  0.535508E+00  0.285606E+02  0.123761E+00
  0.538242E+00  0.282963E+02  0.122982E+00
  0.540976E+00  0.279183E+02  0.121171E+00
  0.543710E+00  0.274472E+02  0.119756E+00
  0.546445E+00  0.272959E+02  0.118880E+00
  0.549179E+00  0.269768E+02  0.117739E+00
  0.551913E+00  0.264874E+02  0.115730E+00
  0.554647E+00  0.261643E+02  0.114966E+00
  0.557381E+00  0.258592E+02  0.113911E+00
  0.560115E+00  0.257587E+02  0.112531E+00
  0.562849E+00  0.253114E+02  0.111313E+00
  0.565583E+00  0.249083E+02  0.110055E+00
  0.568317E+00  0.247657E+02  0.109780E+00
  0.571051E+00  0.243973E+02  0.107881E+00
  0.573785E+00  0.241173E+02  0.106914E+00
  0.576519E+00  0.237921E+02  0.105692E+00
  0.579253E+00  0.235296E+02  0.105082E+00
  0.581987E+00  0.233040E+02  0.103675E+00
  0.584721E+00  0.231014E+02  0.103360E+00
  0.587455E+00  0.229450E+02  0.102594E+00
  0.590189E+00  0.225404E+02  0.101023E+00
  0.592923E+00  0.221720E+02  0.100173E+00
  0.595657E+00  0.219055E+02  0.983561E-01
  0.598391E+00  0.216877E+02  0.977590E-01
  0.601125E+00  0.212595E+02  0.964922E-01
  0.603859E+00  0.211445E+02  0.959208E-01
  0.606593E+00  0.208110E+02  0.943660E-01
  0.609328E+00  0.206025E+02  0.939753E-01
  0.612062E+00  0.203173E+02  0.927109E-01
  0.614796E+00  0.200425E+02  0.920476E-01
  0.617530E+00  0.197836E+02  0.904907E-01
  0.620264E+00  0.194765E+02  0.900388E-01
  0.622998E+00  0.192856E+02  0.890327E-01
  0.625732E+00  0.189730E+02  0.878775E-01
  0.628466E+00  0.187086E+02  0.865261E-01
  0.631200E+00  0.184385E+02  0.853276E-01
  0.633934E+00  0.181724E+02  0.851975E-01
  0.636668E+00  0.177934E+02  0.833495E-01
  0.639402E+00  0.175800E+02  0.825213E-01
  0.642136E+00  0.173774E+02  0.814612E-01
  0.644870E+00  0.172606E+02  0.811315E-01
  0.647604E+00  0.169329E+02  0.804715E-01
  0.650338E+00  0.166586E+02  0.790426E-01
  0.653072E+00  0.164928E+02  0.779563E-01
  0.655806E+00  0.162159E+02  0.778635E-01
  0.658540E+00  0.159524E+02  0.760399E-01
  0.661274E+00  0.158074E+02  0.763634E-01
  0.664008E+00  0.155092E+02  0.743446E-01
  0.666742E+00  0.153495E+02  0.738308E-01
  0.669476E+00  0.150843E+02  0.730486E-01
  0.672211E+00  0.147547E+02  0.718179E-01
  0.674945E+00  0.146957E+02  0.719181E-01
  0.677679E+00  0.143867E+02  0.699626E-01
  0.680413E+00  0.141221E+02  0.696864E-01
  0.683147E+00  0.139180E+02  0.689885E-01
  0.685881E+00  0.136723E+02  0.677201E-01
  0.688615E+00  0.135554E+02  0.676122E-01
  0.691349E+00  0.132676E+02  0.661477E-01
  0.694083E+00  0.131422E+02  0.658567E-01
  0.696817E+00  0.128269E+02  0.646230E-01
  0.699551E+00  0.126291E+02  0.633894E-01
  0.702285E+00  0.125391E+02  0.635351E-01
  0.705019E+00  0.122739E+02  0.626927E-01
  0.707753E+00  0.121045E+02  0.621825E-01
  0.710487E+00  0.118336E+02  0.604742E-01
  0.713221E+00  0.117230E+02  0.602727E-01
  0.715955E+00  0.114697E+02  0.596504E-01
  0.718689E+00  0.112888E+02  0.589679E-01
  0.721423E+00  0.112336E+02  0.585678E-01
  0.724157E+00  0.109298E+02  0.573514E-01
  0.726891E+00  0.107431E+02  0.565674E-01
  0.729625E+00  0.106472E+02  0.562858E-01
  0.732359E+00  0.104234E+02  0.554103E-01
  0.735094E+00  0.102124E+02  0.546647E-01
  0.737828E+00  0.998938E+01  0.533930E-01
  0.740562E+00  0.983559E+01  0.532507E-01
  0.743296E+00  0.970827E+01  0.527697E-01
  0.746030E+00  0.953690E+01  0.516741E-01
  0.748764E+00  0.934111E+01  0.512323E-01
  0.751498E+00  0.923285E+01  0.509187E-01
  0.754232E+00  0.908721E+01  0.504754E-01
  0.756966E+00  0.892191E+01  0.494715E-01
  0.759700E+00  0.881262E+01  0.492677E-01
  0.762434E+00  0.862762E+01  0.485629E-01
  0.765168E+00  0.856232E+01  0.483875E-01
  0.767902E+00  0.831685E+01  0.474261E-01
  0.770636E+00  0.818116E+01  0.468946E-01
  0.773370E+00  0.809939E+01  0.468136E-01
  0.776104E+00  0.796860E+01  0.463446E-01
  0.778838E+00  0.780562E+01  0.457226E-01
  0.781572E+00  0.756294E+01  0.446937E-01
  0.784306E+00  0.751520E+01  0.448200E-01
  0.787040E+00  0.737395E+01  0.447173E-01
  0.789774E+00  0.721205E+01  0.439058E-01
  0.792508E+00  0.713084E+01  0.435280E-01
  0.795242E+00  0.703164E+01  0.432074E-01
  0.797977E+00  0.689834E+01  0.427972E-01
  0.800711E+00  0.673360E+01  0.428648E-01
  0.803445E+00  0.661274E+01  0.415843E-01
  0.806179E+00  0.656597E+01  0.419757E-01
  0.808913E+00  0.643896E+01  0.413229E-01
  0.811647E+00  0.628859E+01  0.410267E-01
  0.814381E+00  0.616696E+01  0.403090E-01
  0.817115E+00  0.604327E+01  0.398339E-01
  0.819849E+00  0.594347E+01  0.398894E-01
  0.822583E+00  0.585716E+01  0.394934E-01
  0.825317E+00  0.568954E+01  0.388623E-01
  0.828051E+00  0.564588E+01  0.386659E-01
  0.830785E+00  0.554612E+01  0.379219E-01
  0.833519E+00  0.542765E+01  0.382730E-01
  0.836253E+00  0.535237E+01  0.376168E-01
  0.838987E+00  0.521067E+01  0.371410E-01
  0.841721E+00  0.512399E+01  0.370661E-01
  0.844455E+00  0.503866E+01  0.364580E-01
  0.847189E+00  0.490571E+01  0.362782E-01
  0.849923E+00  0.489481E+01  0.356014E-01
  0.852657E+00  0.481574E+01  0.359059E-01
  0.855391E+00  0.467359E+01  0.352269E-01
  0.858125E+00  0.461847E+01  0.353484E-01
  0.860860E+00  0.456521E+01  0.349496E-01
  0.863594E+00  0.441530E+01  0.341981E-01
  0.866328E+00  0.432785E+01  0.340355E-01
  0.869062E+00  0.425079E+01  0.337902E-01
  0.871796E+00  0.416889E+01  0.335296E-01
  0.874530E+00  0.408534E+01  0.330919E-01
  0.877264E+00  0.400575E+01  0.328310E-01
  0.879998E+00  0.399671E+01  0.329984E-01
  0.882732E+00  0.391713E+01  0.326174E-01
  0.885466E+00  0.384717E+01  0.321783E-01
  0.888200E+00  0.372470E+01  0.318219E-01
  0.890934E+00  0.370142E+01  0.316511E-01
  0.893668E+00  0.367367E+01  0.318401E-01
  0.896402E+00  0.360469E+01  0.314489E-01
  0.899136E+00  0.354454E+01  0.310496E-01
  0.901870E+00  0.347033E+01  0.308434E-01
  0.904604E+00  0.339273E+01  0.307503E-01
  0.907338E+00  0.332589E+01  0.303456E-01
  0.910072E+00  0.329333E+01  0.304650E-01
  0.912806E+00  0.318983E+01  0.300032E-01
  0.915540E+00  0.317730E+01  0.296362E-01
  0.918274E+00  0.313499E+01  0.298524E-01
  0.921009E+00  0.307630E+01  0.295352E-01
  0.923743E+00  0.299839E+01  0.294040E-01
  0.926477E+00  0.295036E+01  0.292830E-01
  0.929211E+00  0.290915E+01  0.285090E-01
  0.931945E+00  0.288504E+01  0.289121E-01
  0.934679E+00  0.285454E+01  0.286139E-01
  0.937413E+00  0.278916E+01  0.286260E-01
  0.940147E+00  0.275891E+01  0.285518E-01
  0.942881E+00  0.269010E+01  0.280556E-01
  0.945615E+00  0.267756E+01  0.282951E-01
  0.948349E+00  0.260702E+01  0.276868E-01
  0.951083E+00  0.255923E+01  0.276878E-01
  0.953817E+00  0.253950E+01  0.276116E-01
  0.956551E+00  0.247882E+01  0.273485E-01
  0.959285E+00  0.244746E+01  0.274341E-01
  0.962019E+00  0.236680E+01  0.267901E-01
  0.964753E+00  0.238051E+01  0.270084E-01
  0.967487E+00  0.235362E+01  0.267185E-01
  0.970221E+00  0.231889E+01  0.266888E-01
  0.972955E+00  0.227435E+01  0.267719E-01
  0.975689E+00  0.225835E+01  0.263636E-01
  0.978423E+00  0.218949E+01  0.266427E-01
  0.981157E+00  0.221928E+01  0.261232E-01
  0.983892E+00  0.219525E+01  0.265523E-01
  0.986626E+00  0.210633E+01  0.261030E-01
  0.989360E+00  0.215773E+01  0.261599E-01
  0.992094E+00  0.204300E+01  0.259493E-01
  0.994828E+00  0.204470E+01  0.256282E-01
  0.997562E+00  0.202163E+01  0.258181E-01
  0.100030E+01  0.197867E+01  0.251752E-01
  0.100303E+01  0.200955E+01  0.255442E-01
  0.100576E+01  0.195215E+01  0.253437E-01
  0.100850E+01  0.194137E+01  0.255225E-01
  0.101123E+01  0.190642E+01  0.253151E-01
  0.101397E+01  0.192646E+01  0.249821E-01
  0.101670E+01  0.190625E+01  0.254389E-01
  0.101943E+01  0.183491E+01  0.251801E-01
  0.102217E+01  0.182642E+01  0.249371E-01
  0.102490E+01  0.178699E+01  0.250341E-01
  0.102764E+01  0.173498E+01  0.243089E-01
  0.103037E+01  0.174593E+01  0.250125E-01
  0.103310E+01  0.177915E+01  0.246883E-01
  0.103584E+01  0.171881E+01  0.246033E-01
  0.103857E+01  0.171775E+01  0.246800E-01
  0.104131E+01  0.170267E+01  0.244592E-01
  0.104404E+01  0.170534E+01  0.248812E-01
  0.104677E+01  0.170458E+01  0.243305E-01
  0.104951E+01  0.166641E+01  0.242252E-01
  0.105224E+01  0.161911E+01  0.242054E-01
  0.105498E+01  0.165885E+01  0.243260E-01
  0.105771E+01  0.163557E+01  0.243410E-01
  0.106044E+01  0.160173E+01  0.239437E-01
  0.106318E+01  0.157980E+01  0.241349E-01
  0.106591E+01  0.156317E+01  0.237838E-01
  0.106865E+01  0.158145E+01  0.238826E-01
  0.107138E+01  0.154723E+01  0.239557E-01
  0.107411E+01  0.155252E+01  0.236946E-01
  0.107685E+01  0.157287E+01  0.240283E-01
  0.107958E+01  0.150915E+01  0.236842E-01
  0.108232E+01  0.152132E+01  0.236018E-01
  0.108505E+01  0.151317E+01  0.238895E-01
  0.108779E+01  0.147342E+01  0.234852E-01
  0.109052E+01  0.146884E+01  0.238819E-01
  0.109325E+01  0.151594E+01  0.235388E-01
  0.109599E+01  0.145423E+01  0.235743E-01
  0.109872E+01  0.144951E+01  0.236500E-01
  0.110146E+01  0.145618E+01  0.235199E-01
  0.110419E+01  0.143698E+01  0.234781E-01
  0.110692E+01  0.143689E+01  0.234979E-01
  0.110966E+01  0.144581E+01  0.233840E-01
  0.111239E+01  0.141409E+01  0.234414E-01
  0.111513E+01  0.144807E+01  0.231215E-01
  0.111786E+01  0.138647E+01  0.232456E-01
  0.112059E+01  0.139256E+01  0.231932E-01
  0.112333E+01  0.139402E+01  0.231935E-01
  0.112606E+01  0.138577E+01  0.233934E-01
  0.112880E+01  0.138407E+01  0.230710E-01
  0.113153E+01  0.139790E+01  0.233022E-01
  0.113426E+01  0.138791E+01  0.233016E-01
  0.113700E+01  0.137344E+01  0.229951E-01
  0.113973E+01  0.136079E+01  0.230790E-01
  0.114247E+01  0.132695E+01  0.230649E-01
  0.114520E+01  0.132754E+01  0.230865E-01
  0.114793E+01  0.131478E+01  0.230888E-01
  0.115067E+01  0.137861E+01  0.230895E-01
  0.115340E+01  0.129348E+01  0.230307E-01
  0.115614E+01  0.131754E+01  0.229251E-01
  0.115887E+01  0.129852E+01  0.228367E-01
  0.116160E+01  0.130880E+01  0.229735E-01
  0.116434E+01  0.137005E+01  0.229515E-01
  0.116707E+01  0.129013E+01  0.230148E-01
  0.116981E+01  0.128978E+01  0.229002E-01
  0.117254E+01  0.128102E+01  0.227792E-01
  0.117527E+01  0.132809E+01  0.229428E-01
  0.117801E+01  0.134516E+01  0.229621E-01
  0.118074E+01  0.130174E+01  0.231714E-01
  0.118348E+01  0.126324E+01  0.227736E-01
  0.118621E+01  0.131137E+01  0.227585E-01
  0.118894E+01  0.127232E+01  0.228284E-01
  0.119168E+01  0.131335E+01  0.228866E-01
  0.119441E+01  0.125644E+01  0.229189E-01
  0.119715E+01  0.123141E+01  0.226834E-01
  0.119988E+01  0.122538E+01  0.226274E-01
  0.120262E+01  0.125893E+01  0.226978E-01
  0.120535E+01  0.125205E+01  0.224613E-01
  0.120808E+01  0.125774E+01  0.226127E-01
  0.121082E+01  0.124168E+01  0.226160E-01
  0.121355E+01  0.123800E+01  0.227585E-01
  0.121629E+01  0.124006E+01  0.227974E-01
  0.121902E+01  0.128140E+01  0.225932E-01
  0.122175E+01  0.124426E+01  0.226861E-01
  0.122449E+01  0.118110E+01  0.223880E-01
  0.122722E+01  0.124936E+01  0.227393E-01
  0.122996E+01  0.123416E+01  0.242330E-01
  0.123269E+01  0.122190E+01  0.247348E-01
  0.123816E+01  0.123546E+01  0.254418E-01
  0.124089E+01  0.120423E+01  0.260590E-01
  0.124363E+01  0.120525E+01  0.268706E-01
  0.124636E+01  0.125058E+01  0.270617E-01
  0.124909E+01  0.123012E+01  0.270272E-01
  0.125183E+01  0.116303E+01  0.276227E-01
  0.125456E+01  0.115966E+01  0.274931E-01
  0.125730E+01  0.118768E+01  0.281837E-01
  0.126003E+01  0.120077E+01  0.292870E-01
  0.126276E+01  0.119774E+01  0.295357E-01
  0.126550E+01  0.116627E+01  0.267382E-01
  0.126823E+01  0.118617E+01  0.257887E-01
  0.127097E+01  0.122407E+01  0.255283E-01
  0.127370E+01  0.119094E+01  0.250879E-01
  0.127643E+01  0.117067E+01  0.246809E-01
  0.127917E+01  0.117156E+01  0.248017E-01
  0.128190E+01  0.116200E+01  0.244194E-01
  0.128464E+01  0.116575E+01  0.243068E-01
  0.128737E+01  0.114134E+01  0.240533E-01
  0.129010E+01  0.112458E+01  0.238196E-01
  0.129284E+01  0.113132E+01  0.233955E-01
  0.129557E+01  0.115190E+01  0.235129E-01
  0.129831E+01  0.109477E+01  0.229884E-01
  0.130104E+01  0.113427E+01  0.232504E-01
  0.130377E+01  0.109750E+01  0.226996E-01
  0.130651E+01  0.112432E+01  0.227249E-01
  0.130924E+01  0.113981E+01  0.230375E-01
  0.131198E+01  0.112056E+01  0.227269E-01
  0.131471E+01  0.111689E+01  0.226891E-01
  0.131744E+01  0.105442E+01  0.222086E-01
  0.132018E+01  0.104840E+01  0.222162E-01
  0.132291E+01  0.109467E+01  0.227526E-01
  0.132565E+01  0.103601E+01  0.221629E-01
  0.132838E+01  0.104408E+01  0.222408E-01
  0.133112E+01  0.105218E+01  0.222450E-01
  0.133385E+01  0.103819E+01  0.223910E-01
  0.133658E+01  0.106749E+01  0.224971E-01
  0.133932E+01  0.104794E+01  0.217825E-01
  0.134205E+01  0.105438E+01  0.223750E-01
  0.134479E+01  0.106660E+01  0.222726E-01
  0.134752E+01  0.105021E+01  0.223746E-01
  0.135025E+01  0.106844E+01  0.221913E-01
  0.135299E+01  0.103538E+01  0.221884E-01
  0.135572E+01  0.103513E+01  0.221750E-01
  0.135846E+01  0.104915E+01  0.223351E-01
  0.136119E+01  0.104332E+01  0.218320E-01
  0.136392E+01  0.105042E+01  0.220676E-01
  0.136666E+01  0.999112E+00  0.220287E-01
  0.136939E+01  0.103011E+01  0.220697E-01
  0.137213E+01  0.989719E+00  0.217433E-01
  0.137486E+01  0.961788E+00  0.217731E-01
  0.137759E+01  0.101122E+01  0.219254E-01
  0.138033E+01  0.102587E+01  0.220954E-01
  0.138306E+01  0.984032E+00  0.219954E-01
  0.138580E+01  0.985006E+00  0.216540E-01
  0.138853E+01  0.100241E+01  0.218369E-01
  0.139126E+01  0.956247E+00  0.216671E-01
  0.139400E+01  0.957903E+00  0.215933E-01
  0.139673E+01  0.980645E+00  0.219369E-01
  0.139947E+01  0.945165E+00  0.216722E-01
  0.140220E+01  0.926573E+00  0.215320E-01
  0.140493E+01  0.959369E+00  0.216344E-01
  0.140767E+01  0.942501E+00  0.215351E-01
  0.141040E+01  0.938598E+00  0.216507E-01
  0.141314E+01  0.918658E+00  0.216904E-01
  0.141587E+01  0.927953E+00  0.215326E-01
  0.141860E+01  0.945012E+00  0.215704E-01
  0.142134E+01  0.925058E+00  0.213507E-01
  0.142407E+01  0.948375E+00  0.216030E-01
  0.142681E+01  0.940458E+00  0.214605E-01
  0.142954E+01  0.867851E+00  0.212563E-01
  0.143227E+01  0.913439E+00  0.212112E-01
  0.143501E+01  0.880962E+00  0.214056E-01
  0.143774E+01  0.876961E+00  0.212961E-01
  0.144048E+01  0.928429E+00  0.214396E-01
  0.144321E+01  0.873843E+00  0.211074E-01
  0.144594E+01  0.896053E+00  0.212873E-01
  0.144868E+01  0.842710E+00  0.212226E-01
  0.145141E+01  0.838865E+00  0.210577E-01
  0.145415E+01  0.858421E+00  0.209704E-01
  0.145688E+01  0.835675E+00  0.209154E-01
  0.145962E+01  0.827312E+00  0.208260E-01
  0.146235E+01  0.878465E+00  0.209231E-01
  0.146508E+01  0.829480E+00  0.209090E-01
  0.146782E+01  0.817587E+00  0.207413E-01
  0.147055E+01  0.816384E+00  0.205523E-01
  0.147329E+01  0.801732E+00  0.203700E-01
  0.147602E+01  0.818907E+00  0.204538E-01
  0.147875E+01  0.813877E+00  0.203031E-01
  0.148149E+01  0.823260E+00  0.205464E-01
  0.148422E+01  0.818986E+00  0.204083E-01
  0.148696E+01  0.842160E+00  0.206499E-01
  0.148969E+01  0.804940E+00  0.200744E-01
  0.149242E+01  0.771348E+00  0.202896E-01
  0.149516E+01  0.757921E+00  0.201911E-01
  0.149789E+01  0.803755E+00  0.203313E-01
  0.150063E+01  0.775669E+00  0.202976E-01
  0.150336E+01  0.776511E+00  0.202345E-01
  0.150609E+01  0.775850E+00  0.204190E-01
  0.150883E+01  0.781342E+00  0.203003E-01
  0.151156E+01  0.742188E+00  0.201936E-01
  0.151430E+01  0.748138E+00  0.201018E-01
  0.151703E+01  0.765962E+00  0.204486E-01
  0.151976E+01  0.754375E+00  0.200953E-01
  0.152250E+01  0.703678E+00  0.199838E-01
  0.152523E+01  0.718136E+00  0.200018E-01
  0.152797E+01  0.732549E+00  0.201141E-01
  0.153070E+01  0.711378E+00  0.201490E-01
  0.153343E+01  0.715205E+00  0.200686E-01
  0.153617E+01  0.724343E+00  0.200772E-01
  0.153890E+01  0.690287E+00  0.197546E-01
  0.154164E+01  0.725832E+00  0.202214E-01
  0.154437E+01  0.694703E+00  0.198980E-01
  0.154710E+01  0.691219E+00  0.199137E-01
  0.154984E+01  0.711764E+00  0.200456E-01
  0.155257E+01  0.691129E+00  0.199443E-01
  0.155531E+01  0.712915E+00  0.198351E-01
  0.155804E+01  0.708419E+00  0.201280E-01
  0.156077E+01  0.640189E+00  0.197201E-01
  0.156351E+01  0.655802E+00  0.199439E-01
  0.156624E+01  0.644239E+00  0.198771E-01
  0.156898E+01  0.630796E+00  0.196399E-01
  0.157171E+01  0.641241E+00  0.197315E-01
  0.157444E+01  0.666541E+00  0.199425E-01
  0.157718E+01  0.605755E+00  0.197935E-01
  0.157991E+01  0.624719E+00  0.196731E-01
  0.158265E+01  0.646750E+00  0.196358E-01
  0.158538E+01  0.635998E+00  0.196914E-01
  0.158812E+01  0.650697E+00  0.197267E-01
  0.159085E+01  0.615193E+00  0.194673E-01
  0.159358E+01  0.625020E+00  0.195146E-01
  0.159632E+01  0.606858E+00  0.195769E-01
  0.159905E+01  0.583859E+00  0.194876E-01
  0.160179E+01  0.637700E+00  0.196744E-01
  0.160452E+01  0.616579E+00  0.196435E-01
  0.160725E+01  0.576633E+00  0.193857E-01
  0.160999E+01  0.605779E+00  0.194599E-01
  0.161272E+01  0.561458E+00  0.194729E-01
  0.161546E+01  0.579423E+00  0.194197E-01
  0.161819E+01  0.583610E+00  0.193395E-01
  0.162092E+01  0.571858E+00  0.194163E-01
  0.162366E+01  0.583441E+00  0.195198E-01
  0.162639E+01  0.577395E+00  0.194489E-01
  0.162913E+01  0.567664E+00  0.192757E-01
  0.163186E+01  0.559932E+00  0.192721E-01
  0.163459E+01  0.561330E+00  0.194944E-01
  0.163733E+01  0.565472E+00  0.193749E-01
  0.164006E+01  0.561862E+00  0.192323E-01
  0.164280E+01  0.566635E+00  0.193558E-01
  0.164553E+01  0.516149E+00  0.192728E-01
  0.164826E+01  0.517338E+00  0.191689E-01
  0.165100E+01  0.546872E+00  0.189362E-01
  0.165373E+01  0.573469E+00  0.193909E-01
  0.165647E+01  0.502569E+00  0.193548E-01
  0.165920E+01  0.507810E+00  0.190713E-01
  0.166193E+01  0.468656E+00  0.190382E-01
  0.166467E+01  0.510082E+00  0.190203E-01
  0.166740E+01  0.478218E+00  0.189779E-01
  0.167014E+01  0.507788E+00  0.191456E-01
  0.167287E+01  0.522051E+00  0.191500E-01
  0.167560E+01  0.498650E+00  0.188880E-01
  0.167834E+01  0.516884E+00  0.193072E-01
  0.168107E+01  0.475454E+00  0.190842E-01
  0.168381E+01  0.508672E+00  0.192357E-01
  0.168654E+01  0.468775E+00  0.188270E-01
  0.168927E+01  0.505466E+00  0.191935E-01
  0.169201E+01  0.488865E+00  0.189344E-01
  0.169474E+01  0.488638E+00  0.189630E-01
  0.169748E+01  0.493885E+00  0.189117E-01
  0.170021E+01  0.473566E+00  0.190382E-01
  0.170295E+01  0.460068E+00  0.188787E-01
  0.170568E+01  0.467019E+00  0.189753E-01
  0.170841E+01  0.512334E+00  0.189158E-01
  0.171115E+01  0.462523E+00  0.188844E-01
  0.171388E+01  0.451237E+00  0.188930E-01
  0.171662E+01  0.461189E+00  0.189998E-01
  0.171935E+01  0.461559E+00  0.188216E-01
  0.172208E+01  0.464849E+00  0.188480E-01
  0.172482E+01  0.466663E+00  0.187429E-01
  0.172755E+01  0.426247E+00  0.188565E-01
  0.173029E+01  0.461450E+00  0.188357E-01
  0.173302E+01  0.441448E+00  0.188624E-01
  0.173575E+01  0.447143E+00  0.186884E-01
  0.173849E+01  0.443843E+00  0.186933E-01
  0.174122E+01  0.429855E+00  0.187724E-01
  0.174396E+01  0.446738E+00  0.187103E-01
  0.174669E+01  0.427840E+00  0.186040E-01
  0.174942E+01  0.413873E+00  0.186910E-01
  0.175216E+01  0.430217E+00  0.186880E-01
  0.175489E+01  0.458443E+00  0.188353E-01
  0.175763E+01  0.406920E+00  0.185954E-01
  0.176036E+01  0.397947E+00  0.184968E-01
  0.176309E+01  0.436420E+00  0.186042E-01
  0.176583E+01  0.386231E+00  0.185127E-01
  0.176856E+01  0.413761E+00  0.187095E-01
  0.177130E+01  0.398759E+00  0.185905E-01
  0.177403E+01  0.409148E+00  0.185800E-01
  0.177676E+01  0.418090E+00  0.186247E-01
  0.177950E+01  0.378146E+00  0.184411E-01
  0.178223E+01  0.367714E+00  0.183906E-01
  0.178497E+01  0.381882E+00  0.185260E-01
  0.178770E+01  0.420289E+00  0.187078E-01
  0.179043E+01  0.433722E+00  0.186238E-01
  0.179317E+01  0.383734E+00  0.185798E-01
  0.179590E+01  0.395434E+00  0.183676E-01
  0.179864E+01  0.380890E+00  0.185971E-01
  0.180137E+01  0.402091E+00  0.187932E-01
  0.180410E+01  0.383339E+00  0.185676E-01
  0.180684E+01  0.347135E+00  0.181909E-01
  0.180957E+01  0.376868E+00  0.185113E-01
  0.181231E+01  0.399572E+00  0.185820E-01
  0.181504E+01  0.399612E+00  0.184465E-01
  0.181777E+01  0.372081E+00  0.184285E-01
  0.182051E+01  0.390060E+00  0.186483E-01
  0.182324E+01  0.386764E+00  0.184769E-01
  0.182598E+01  0.358136E+00  0.184158E-01
  0.182871E+01  0.364918E+00  0.183644E-01
  0.183145E+01  0.372063E+00  0.181332E-01
  0.183418E+01  0.367125E+00  0.184996E-01
  0.183691E+01  0.352278E+00  0.184823E-01
  0.183965E+01  0.349032E+00  0.184118E-01
  0.184238E+01  0.335446E+00  0.183427E-01
  0.184512E+01  0.376533E+00  0.182020E-01
  0.184785E+01  0.332975E+00  0.182842E-01
  0.185058E+01  0.350191E+00  0.182596E-01
  0.185332E+01  0.384544E+00  0.184603E-01
  0.185605E+01  0.347688E+00  0.183237E-01
  0.185879E+01  0.357624E+00  0.181754E-01
  0.186152E+01  0.330388E+00  0.183276E-01
  0.186425E+01  0.353530E+00  0.182840E-01
  0.186699E+01  0.359580E+00  0.183073E-01
  0.186972E+01  0.338853E+00  0.184249E-01
  0.187246E+01  0.341374E+00  0.181494E-01
  0.187519E+01  0.359104E+00  0.183587E-01
  0.187792E+01  0.315337E+00  0.179924E-01
  0.188066E+01  0.306939E+00  0.181494E-01
  0.188339E+01  0.317007E+00  0.182631E-01
  0.188613E+01  0.327931E+00  0.181855E-01
  0.188886E+01  0.340581E+00  0.182108E-01
  0.189159E+01  0.326392E+00  0.181006E-01
  0.189433E+01  0.299871E+00  0.181715E-01
  0.189706E+01  0.286213E+00  0.180710E-01
  0.189980E+01  0.309050E+00  0.180676E-01
  0.190253E+01  0.312820E+00  0.179111E-01
  0.190526E+01  0.301002E+00  0.180776E-01
  0.190800E+01  0.318407E+00  0.179405E-01
  0.191073E+01  0.300884E+00  0.179351E-01
  0.191347E+01  0.316157E+00  0.182154E-01
  0.191620E+01  0.315986E+00  0.179524E-01
  0.191893E+01  0.302824E+00  0.179284E-01
  0.192167E+01  0.323562E+00  0.181797E-01
  0.192440E+01  0.303110E+00  0.179584E-01
  0.192714E+01  0.303992E+00  0.179780E-01
  0.192987E+01  0.312591E+00  0.180083E-01
  0.193260E+01  0.304596E+00  0.180608E-01
  0.193534E+01  0.317816E+00  0.180884E-01
  0.193807E+01  0.297151E+00  0.179632E-01
  0.194081E+01  0.332095E+00  0.180366E-01
  0.194354E+01  0.258489E+00  0.176283E-01
  0.194627E+01  0.312226E+00  0.180511E-01
  0.194901E+01  0.307105E+00  0.179341E-01
  0.195174E+01  0.310108E+00  0.178310E-01
  0.195448E+01  0.287603E+00  0.179670E-01
  0.195721E+01  0.276497E+00  0.178951E-01
  0.195995E+01  0.293501E+00  0.179505E-01
  0.196268E+01  0.266818E+00  0.178995E-01
  0.196541E+01  0.310532E+00  0.179521E-01
  0.196815E+01  0.294166E+00  0.179042E-01
  0.197088E+01  0.289393E+00  0.180036E-01
  0.197362E+01  0.295215E+00  0.180847E-01
  0.197635E+01  0.272726E+00  0.178849E-01
  0.197908E+01  0.294510E+00  0.180573E-01
  0.198182E+01  0.271346E+00  0.178194E-01
  0.198455E+01  0.262746E+00  0.177697E-01
  0.198729E+01  0.287893E+00  0.178790E-01
  0.199002E+01  0.271609E+00  0.179757E-01
  0.199275E+01  0.228011E+00  0.178987E-01
  0.199549E+01  0.255287E+00  0.177657E-01
  0.199822E+01  0.262111E+00  0.176528E-01
  0.200096E+01  0.253606E+00  0.176402E-01
  0.200369E+01  0.225313E+00  0.177475E-01
  0.200642E+01  0.273170E+00  0.177685E-01
  0.200916E+01  0.272170E+00  0.178904E-01
  0.201189E+01  0.259877E+00  0.177697E-01
  0.201463E+01  0.262607E+00  0.178798E-01
  0.201736E+01  0.273708E+00  0.179083E-01
  0.202009E+01  0.271332E+00  0.177467E-01
  0.202283E+01  0.264654E+00  0.177137E-01
  0.202556E+01  0.251366E+00  0.178777E-01
  0.202830E+01  0.250691E+00  0.176971E-01
  0.203103E+01  0.255378E+00  0.179057E-01
  0.203376E+01  0.244883E+00  0.180176E-01
  0.203650E+01  0.275912E+00  0.176864E-01
  0.203923E+01  0.284922E+00  0.177744E-01
  0.204197E+01  0.262768E+00  0.178906E-01
  0.204470E+01  0.217865E+00  0.177180E-01
  0.204743E+01  0.260173E+00  0.176033E-01
  0.205017E+01  0.250538E+00  0.176482E-01
  0.205290E+01  0.210562E+00  0.176553E-01
  0.205564E+01  0.254070E+00  0.177284E-01
  0.205837E+01  0.253757E+00  0.178324E-01
  0.206110E+01  0.240653E+00  0.177671E-01
  0.206384E+01  0.241535E+00  0.176713E-01
  0.206657E+01  0.266241E+00  0.178361E-01
  0.206931E+01  0.249299E+00  0.178525E-01
  0.207204E+01  0.252119E+00  0.177967E-01
  0.207477E+01  0.244996E+00  0.177439E-01
  0.207751E+01  0.234699E+00  0.175464E-01
  0.208024E+01  0.217186E+00  0.175692E-01
  0.208298E+01  0.227780E+00  0.175615E-01
  0.208571E+01  0.206320E+00  0.177284E-01
  0.208845E+01  0.275261E+00  0.177306E-01
  0.209118E+01  0.240902E+00  0.176907E-01
  0.209391E+01  0.243941E+00  0.178337E-01
  0.209665E+01  0.245990E+00  0.175962E-01
  0.209938E+01  0.238943E+00  0.175236E-01
  0.210212E+01  0.214194E+00  0.174555E-01
  0.210485E+01  0.231165E+00  0.177430E-01
  0.210758E+01  0.220265E+00  0.175163E-01
  0.211032E+01  0.230209E+00  0.176252E-01
  0.211305E+01  0.255884E+00  0.175811E-01
  0.211579E+01  0.223759E+00  0.176067E-01
  0.211852E+01  0.235681E+00  0.174839E-01
  0.212125E+01  0.213439E+00  0.174963E-01
  0.212399E+01  0.206810E+00  0.175228E-01
  0.212672E+01  0.216770E+00  0.177567E-01
  0.212946E+01  0.231951E+00  0.174172E-01
  0.213219E+01  0.208797E+00  0.175922E-01
  0.213492E+01  0.186541E+00  0.174894E-01
  0.213766E+01  0.205613E+00  0.174881E-01
  0.214039E+01  0.218871E+00  0.176088E-01
  0.214313E+01  0.178696E+00  0.174987E-01
  0.214586E+01  0.220331E+00  0.175558E-01
  0.214859E+01  0.196633E+00  0.172898E-01
  0.215133E+01  0.193863E+00  0.175067E-01
  0.215406E+01  0.213678E+00  0.175928E-01
  0.215680E+01  0.209654E+00  0.174792E-01
  0.215953E+01  0.216249E+00  0.174647E-01
  0.216226E+01  0.240484E+00  0.174679E-01
  0.216500E+01  0.181724E+00  0.172706E-01
  0.216773E+01  0.222413E+00  0.174795E-01
  0.217047E+01  0.173957E+00  0.172969E-01
  0.217320E+01  0.164287E+00  0.173503E-01
  0.217593E+01  0.215394E+00  0.174810E-01
  0.217867E+01  0.224034E+00  0.174504E-01
  0.218140E+01  0.206499E+00  0.174153E-01
  0.218414E+01  0.165538E+00  0.172596E-01
  0.218687E+01  0.187774E+00  0.174802E-01
  0.218960E+01  0.205844E+00  0.175625E-01
  0.219234E+01  0.211691E+00  0.172775E-01
  0.219507E+01  0.186513E+00  0.173884E-01
  0.219781E+01  0.181858E+00  0.172570E-01
  0.220054E+01  0.222766E+00  0.175118E-01
  0.220328E+01  0.184042E+00  0.173943E-01
  0.220601E+01  0.209323E+00  0.172890E-01
  0.220874E+01  0.172276E+00  0.173049E-01
  0.221148E+01  0.219198E+00  0.175189E-01
  0.221421E+01  0.178614E+00  0.172487E-01
  0.221695E+01  0.189731E+00  0.174025E-01
  0.221968E+01  0.202242E+00  0.172694E-01
  0.222241E+01  0.202680E+00  0.175523E-01
  0.222515E+01  0.196318E+00  0.172805E-01
  0.222788E+01  0.174612E+00  0.174092E-01
  0.223062E+01  0.184086E+00  0.173088E-01
  0.223335E+01  0.193425E+00  0.173023E-01
  0.223608E+01  0.190623E+00  0.172774E-01
  0.223882E+01  0.204658E+00  0.172698E-01
  0.224155E+01  0.204952E+00  0.175314E-01
  0.224429E+01  0.184986E+00  0.173931E-01
  0.224702E+01  0.172493E+00  0.173087E-01
  0.224975E+01  0.177318E+00  0.172660E-01
  0.225249E+01  0.187131E+00  0.172263E-01
  0.225522E+01  0.184066E+00  0.172421E-01
  0.225796E+01  0.199813E+00  0.172721E-01
  0.226069E+01  0.196545E+00  0.173869E-01
  0.226342E+01  0.215303E+00  0.174217E-01
  0.226616E+01  0.190703E+00  0.173844E-01
  0.226889E+01  0.203943E+00  0.174443E-01
  0.227163E+01  0.198636E+00  0.173634E-01
  0.227436E+01  0.192931E+00  0.171800E-01
  0.227709E+01  0.164857E+00  0.171965E-01
  0.227983E+01  0.178759E+00  0.172104E-01
  0.228256E+01  0.197808E+00  0.172886E-01
  0.228530E+01  0.185215E+00  0.171165E-01
  0.228803E+01  0.178696E+00  0.171808E-01
  0.229076E+01  0.168082E+00  0.173270E-01
  0.229350E+01  0.178425E+00  0.172528E-01
  0.229623E+01  0.160476E+00  0.171392E-01
  0.229897E+01  0.170229E+00  0.170614E-01
  0.230170E+01  0.147505E+00  0.170594E-01
  0.230443E+01  0.142666E+00  0.170453E-01
  0.230717E+01  0.164612E+00  0.171797E-01
  0.230990E+01  0.158773E+00  0.173132E-01
  0.231264E+01  0.179829E+00  0.171925E-01
  0.231537E+01  0.157208E+00  0.170511E-01
  0.231810E+01  0.169058E+00  0.170987E-01
  0.232084E+01  0.174454E+00  0.170824E-01
  0.232357E+01  0.156454E+00  0.170942E-01
  0.232631E+01  0.170388E+00  0.169834E-01
  0.232904E+01  0.178074E+00  0.170539E-01
  0.233178E+01  0.164707E+00  0.170173E-01
  0.233451E+01  0.195281E+00  0.170879E-01
  0.233724E+01  0.181231E+00  0.168675E-01
  0.233998E+01  0.167073E+00  0.170017E-01
  0.234271E+01  0.180942E+00  0.172672E-01
  0.234545E+01  0.141979E+00  0.170977E-01
  0.234818E+01  0.179207E+00  0.171308E-01
  0.235091E+01  0.124182E+00  0.170245E-01
  0.235365E+01  0.163819E+00  0.171306E-01
  0.235638E+01  0.172824E+00  0.169617E-01
  0.235912E+01  0.154044E+00  0.170709E-01
  0.236185E+01  0.185673E+00  0.171360E-01
  0.236458E+01  0.157947E+00  0.170870E-01
  0.236732E+01  0.164407E+00  0.170608E-01
  0.237005E+01  0.179379E+00  0.171442E-01
  0.237279E+01  0.158335E+00  0.169647E-01
  0.237552E+01  0.193994E+00  0.171784E-01
  0.237825E+01  0.151338E+00  0.170122E-01
  0.238099E+01  0.172429E+00  0.170947E-01
  0.238372E+01  0.153204E+00  0.169385E-01
  0.238646E+01  0.165181E+00  0.171478E-01
  0.238919E+01  0.169622E+00  0.169305E-01
  0.239192E+01  0.136077E+00  0.170397E-01
  0.239466E+01  0.150641E+00  0.171192E-01
  0.239739E+01  0.163676E+00  0.170161E-01
  0.240013E+01  0.158598E+00  0.170407E-01
  0.240286E+01  0.167085E+00  0.171261E-01
  0.240559E+01  0.142881E+00  0.170394E-01
  0.240833E+01  0.183061E+00  0.171138E-01
  0.241106E+01  0.142441E+00  0.168717E-01
  0.241380E+01  0.169405E+00  0.171634E-01
  0.241653E+01  0.137186E+00  0.168169E-01
  0.241926E+01  0.159594E+00  0.168918E-01
  0.242200E+01  0.145928E+00  0.167430E-01
  0.242473E+01  0.152204E+00  0.169211E-01
  0.242747E+01  0.162832E+00  0.169104E-01
  0.243020E+01  0.161537E+00  0.169383E-01
  0.243293E+01  0.136979E+00  0.168441E-01
  0.243567E+01  0.163021E+00  0.169258E-01
  0.243840E+01  0.147451E+00  0.167460E-01
  0.244114E+01  0.136629E+00  0.170245E-01
  0.244387E+01  0.152840E+00  0.169051E-01
  0.244660E+01  0.160934E+00  0.170544E-01
  0.244934E+01  0.153114E+00  0.169360E-01
  0.245207E+01  0.182312E+00  0.170381E-01
  0.245481E+01  0.174024E+00  0.171259E-01
  0.245754E+01  0.151559E+00  0.168839E-01
  0.246028E+01  0.146872E+00  0.168671E-01
  0.246301E+01  0.148857E+00  0.169689E-01
  0.246574E+01  0.142083E+00  0.168876E-01
  0.246848E+01  0.116669E+00  0.167638E-01
  0.247121E+01  0.154297E+00  0.168765E-01
  0.247395E+01  0.156209E+00  0.168657E-01
  0.247668E+01  0.138198E+00  0.169096E-01
  0.247941E+01  0.164859E+00  0.169061E-01
  0.248215E+01  0.138140E+00  0.169227E-01
  0.248488E+01  0.131179E+00  0.168360E-01
  0.248762E+01  0.138915E+00  0.168786E-01
  0.249035E+01  0.144464E+00  0.169505E-01
  0.249308E+01  0.153901E+00  0.167275E-01
  0.249582E+01  0.118437E+00  0.168344E-01
  0.249855E+01  0.166061E+00  0.169355E-01
  0.250129E+01  0.131842E+00  0.168500E-01
  0.250402E+01  0.141830E+00  0.167973E-01
  0.250675E+01  0.164110E+00  0.167578E-01
  0.250949E+01  0.153369E+00  0.168784E-01
  0.251222E+01  0.150946E+00  0.169615E-01
  0.251496E+01  0.121541E+00  0.168312E-01
  0.251769E+01  0.141708E+00  0.167944E-01
  0.252042E+01  0.141515E+00  0.168549E-01
  0.252316E+01  0.149295E+00  0.169342E-01
  0.252589E+01  0.135068E+00  0.166590E-01
  0.252863E+01  0.141004E+00  0.169032E-01
  0.253136E+01  0.137734E+00  0.168468E-01
  0.253409E+01  0.134098E+00  0.167542E-01
  0.253683E+01  0.117061E+00  0.167843E-01
  0.253956E+01  0.145635E+00  0.167923E-01
  0.254230E+01  0.130335E+00  0.168892E-01
  0.254503E+01  0.160761E+00  0.169452E-01
  0.254776E+01  0.131742E+00  0.167139E-01
  0.255050E+01  0.141963E+00  0.169117E-01
  0.255323E+01  0.139673E+00  0.166808E-01
  0.255597E+01  0.137292E+00  0.167549E-01
  0.255870E+01  0.140466E+00  0.166953E-01
  0.256143E+01  0.152129E+00  0.166291E-01
  0.256417E+01  0.151292E+00  0.167927E-01
  0.256690E+01  0.129789E+00  0.166886E-01
  0.256964E+01  0.157232E+00  0.168461E-01
  0.257237E+01  0.143278E+00  0.166099E-01
  0.257510E+01  0.126499E+00  0.166252E-01
  0.257784E+01  0.119042E+00  0.167083E-01
  0.258057E+01  0.152887E+00  0.168759E-01
  0.258331E+01  0.974307E-01  0.186119E-01
  0.258604E+01  0.142871E+00  0.198165E-01
  0.258878E+01  0.138823E+00  0.206541E-01
  0.259151E+01  0.170709E+00  0.215544E-01
  0.259424E+01  0.157853E+00  0.222970E-01
  0.259698E+01  0.135635E+00  0.232047E-01
  0.259971E+01  0.121127E+00  0.240342E-01
  0.260245E+01  0.133947E+00  0.252349E-01
  0.260518E+01  0.121708E+00  0.254589E-01
  0.260791E+01  0.158499E+00  0.265908E-01
  0.261065E+01  0.134853E+00  0.270387E-01
  0.261338E+01  0.103250E+00  0.275282E-01
  0.261612E+01  0.112712E+00  0.222167E-01
  0.261885E+01  0.125076E+00  0.212288E-01
  0.262158E+01  0.133270E+00  0.206715E-01
  0.262432E+01  0.126183E+00  0.202597E-01
  0.262705E+01  0.117941E+00  0.197015E-01
  0.262979E+01  0.140492E+00  0.193203E-01
  0.263252E+01  0.107730E+00  0.187491E-01
  0.263525E+01  0.129452E+00  0.184991E-01
  0.263799E+01  0.101812E+00  0.186161E-01
  0.264072E+01  0.124572E+00  0.183275E-01
  0.264346E+01  0.142021E+00  0.184628E-01
  0.264619E+01  0.113534E+00  0.183038E-01
  0.264892E+01  0.129178E+00  0.182070E-01
  0.265166E+01  0.973885E-01  0.180068E-01
  0.265439E+01  0.124110E+00  0.182254E-01
  0.265713E+01  0.999176E-01  0.182407E-01
  0.265986E+01  0.113055E+00  0.180556E-01
  0.266259E+01  0.138552E+00  0.182858E-01
  0.266533E+01  0.147515E+00  0.181525E-01
  0.266806E+01  0.121633E+00  0.180871E-01
  0.267080E+01  0.136434E+00  0.180179E-01
  0.267353E+01  0.134056E+00  0.179953E-01
  0.267626E+01  0.128955E+00  0.180992E-01
  0.267900E+01  0.134377E+00  0.180518E-01
  0.268173E+01  0.122131E+00  0.179813E-01
  0.268447E+01  0.129391E+00  0.179458E-01
  0.268720E+01  0.126027E+00  0.178231E-01
  0.268993E+01  0.132013E+00  0.181164E-01
  0.269267E+01  0.139544E+00  0.178918E-01
  0.269540E+01  0.129200E+00  0.177859E-01
  0.269814E+01  0.112660E+00  0.176177E-01
  0.270087E+01  0.106776E+00  0.175081E-01
  0.270361E+01  0.121027E+00  0.174984E-01
  0.270634E+01  0.135356E+00  0.174617E-01
  0.270907E+01  0.147061E+00  0.175907E-01
  0.271181E+01  0.141302E+00  0.175036E-01
  0.271454E+01  0.108359E+00  0.172350E-01
  0.271728E+01  0.104542E+00  0.170252E-01
  0.272001E+01  0.129996E+00  0.169983E-01
  0.272274E+01  0.131316E+00  0.169271E-01
  0.272548E+01  0.149486E+00  0.170255E-01
  0.272821E+01  0.150783E+00  0.170871E-01
  0.273095E+01  0.128491E+00  0.169057E-01
  0.273368E+01  0.144094E+00  0.171640E-01
  0.273641E+01  0.106249E+00  0.169036E-01
  0.273915E+01  0.108260E+00  0.168832E-01
  0.274188E+01  0.144329E+00  0.170477E-01
  0.274462E+01  0.124136E+00  0.168630E-01
  0.274735E+01  0.946525E-01  0.168042E-01
  0.275008E+01  0.133990E+00  0.169089E-01
  0.275282E+01  0.133841E+00  0.171319E-01
  0.275555E+01  0.111730E+00  0.169452E-01
  0.275829E+01  0.130323E+00  0.169471E-01
  0.276102E+01  0.129693E+00  0.169626E-01
  0.276375E+01  0.125384E+00  0.170733E-01
  0.276649E+01  0.110687E+00  0.168096E-01
  0.276922E+01  0.118280E+00  0.168443E-01
  0.277196E+01  0.126384E+00  0.167451E-01
  0.277469E+01  0.108421E+00  0.166692E-01
  0.277742E+01  0.105207E+00  0.168100E-01
  0.278016E+01  0.126593E+00  0.167656E-01
  0.278289E+01  0.130478E+00  0.169012E-01
  0.278563E+01  0.133542E+00  0.168794E-01
  0.278836E+01  0.963057E-01  0.166858E-01
  0.279109E+01  0.121864E+00  0.169115E-01
  0.279383E+01  0.101559E+00  0.170135E-01
  0.279656E+01  0.101969E+00  0.168029E-01
  0.279930E+01  0.113268E+00  0.169958E-01
  0.280203E+01  0.904942E-01  0.167752E-01
  0.280476E+01  0.110046E+00  0.168925E-01
  0.280750E+01  0.991543E-01  0.168057E-01
  0.281023E+01  0.120934E+00  0.168324E-01
  0.281297E+01  0.107895E+00  0.168153E-01
  0.281570E+01  0.115368E+00  0.168618E-01
  0.281843E+01  0.988469E-01  0.166656E-01
  0.282117E+01  0.113166E+00  0.167736E-01
  0.282390E+01  0.122760E+00  0.169371E-01
  0.282664E+01  0.107493E+00  0.168637E-01
  0.282937E+01  0.892748E-01  0.166977E-01
  0.283211E+01  0.831097E-01  0.168454E-01
  0.283484E+01  0.115076E+00  0.166542E-01
  0.283757E+01  0.868702E-01  0.166893E-01
  0.284031E+01  0.110697E+00  0.168545E-01
  0.284304E+01  0.108718E+00  0.167414E-01
  0.284578E+01  0.852009E-01  0.167029E-01
  0.284851E+01  0.136252E+00  0.168386E-01
  0.285124E+01  0.962214E-01  0.167868E-01
  0.285398E+01  0.106223E+00  0.166667E-01
  0.285671E+01  0.112445E+00  0.167244E-01
  0.285945E+01  0.100548E+00  0.167336E-01
  0.286218E+01  0.108090E+00  0.168122E-01
  0.286491E+01  0.883829E-01  0.166667E-01
  0.286765E+01  0.118797E+00  0.167804E-01
  0.287038E+01  0.874689E-01  0.167279E-01
  0.287312E+01  0.112746E+00  0.165258E-01
  0.287585E+01  0.110291E+00  0.167290E-01
  0.287858E+01  0.858779E-01  0.167917E-01
  0.288132E+01  0.969787E-01  0.166848E-01
  0.288405E+01  0.116312E+00  0.167922E-01
  0.288679E+01  0.125846E+00  0.167149E-01
  0.288952E+01  0.131410E+00  0.168077E-01
  0.289225E+01  0.123568E+00  0.166694E-01
  0.289499E+01  0.954902E-01  0.166054E-01
  0.289772E+01  0.112543E+00  0.166680E-01
  0.290046E+01  0.112224E+00  0.166378E-01
  0.290319E+01  0.109110E+00  0.165969E-01
  0.290592E+01  0.111744E+00  0.166182E-01
  0.290866E+01  0.834431E-01  0.166103E-01
  0.291139E+01  0.121611E+00  0.167083E-01
  0.291413E+01  0.110689E+00  0.166128E-01
  0.291686E+01  0.935396E-01  0.167009E-01
  0.291959E+01  0.110552E+00  0.166342E-01
  0.292233E+01  0.113098E+00  0.165538E-01
  0.292506E+01  0.965046E-01  0.166274E-01
  0.292780E+01  0.118288E+00  0.166297E-01
  0.293053E+01  0.987043E-01  0.166143E-01
  0.293326E+01  0.780454E-01  0.165636E-01
  0.293600E+01  0.119749E+00  0.166179E-01
  0.293873E+01  0.105301E+00  0.165633E-01
  0.294147E+01  0.923825E-01  0.164768E-01
  0.294420E+01  0.869827E-01  0.165506E-01
  0.294693E+01  0.101665E+00  0.166726E-01
  0.294967E+01  0.127847E+00  0.167044E-01
  0.295240E+01  0.997348E-01  0.166651E-01
  0.295514E+01  0.972620E-01  0.166146E-01
  0.295787E+01  0.891382E-01  0.166250E-01
  0.296061E+01  0.103351E+00  0.166240E-01
  0.296334E+01  0.104552E+00  0.166552E-01
  0.296607E+01  0.106730E+00  0.165060E-01
  0.296881E+01  0.980655E-01  0.165494E-01
  0.297154E+01  0.103041E+00  0.165646E-01
  0.297428E+01  0.919928E-01  0.166572E-01
  0.297701E+01  0.106362E+00  0.166607E-01
  0.297974E+01  0.964042E-01  0.165363E-01
  0.298248E+01  0.107921E+00  0.164932E-01
  0.298521E+01  0.975633E-01  0.165952E-01
  0.298795E+01  0.118618E+00  0.165132E-01
  0.299068E+01  0.904259E-01  0.166305E-01
  0.299341E+01  0.814584E-01  0.163293E-01
  0.299615E+01  0.102045E+00  0.165013E-01
  0.299888E+01  0.778284E-01  0.164403E-01
  0.300162E+01  0.120812E+00  0.165401E-01
  0.300435E+01  0.104795E+00  0.165564E-01
  0.300708E+01  0.104261E+00  0.164213E-01
  0.300982E+01  0.105550E+00  0.166593E-01
  0.301255E+01  0.972901E-01  0.165116E-01
  0.301529E+01  0.133146E+00  0.165579E-01
  0.301802E+01  0.111902E+00  0.165054E-01
  0.302075E+01  0.931840E-01  0.163606E-01
  0.302349E+01  0.911290E-01  0.165138E-01
  0.302622E+01  0.890257E-01  0.163586E-01
  0.302896E+01  0.100488E+00  0.164613E-01
  0.303169E+01  0.115625E+00  0.164903E-01
  0.303442E+01  0.110020E+00  0.165253E-01
  0.303716E+01  0.847469E-01  0.165146E-01
  0.303989E+01  0.118642E+00  0.164525E-01
  0.304263E+01  0.935135E-01  0.164595E-01
  0.304536E+01  0.862153E-01  0.163742E-01
  0.304809E+01  0.739213E-01  0.164918E-01
  0.305083E+01  0.125562E+00  0.165438E-01
  0.305356E+01  0.743833E-01  0.163999E-01
  0.305630E+01  0.105155E+00  0.165226E-01
  0.305903E+01  0.992849E-01  0.163876E-01
  0.306176E+01  0.103481E+00  0.165097E-01
  0.306450E+01  0.690197E-01  0.164217E-01
  0.306723E+01  0.903495E-01  0.165126E-01
  0.306997E+01  0.126346E+00  0.164876E-01
  0.307270E+01  0.804038E-01  0.162751E-01
  0.307543E+01  0.852109E-01  0.164901E-01
  0.307817E+01  0.109319E+00  0.163726E-01
  0.308090E+01  0.900100E-01  0.164915E-01
  0.308364E+01  0.114658E+00  0.162390E-01
  0.308637E+01  0.120084E+00  0.164073E-01
  0.308911E+01  0.109863E+00  0.164992E-01
  0.309184E+01  0.102826E+00  0.165558E-01
  0.309457E+01  0.900020E-01  0.162128E-01
  0.309731E+01  0.768361E-01  0.163234E-01
  0.310004E+01  0.142708E+00  0.165480E-01
  0.310278E+01  0.825010E-01  0.163756E-01
  0.310551E+01  0.103479E+00  0.164014E-01
  0.310824E+01  0.109325E+00  0.163470E-01
  0.311098E+01  0.875010E-01  0.164191E-01
  0.311371E+01  0.919265E-01  0.165209E-01
  0.311645E+01  0.102909E+00  0.163633E-01
  0.311918E+01  0.792628E-01  0.163538E-01
  0.312191E+01  0.755725E-01  0.163819E-01
  0.312465E+01  0.762997E-01  0.163281E-01
  0.312738E+01  0.935115E-01  0.164489E-01
  0.313012E+01  0.103913E+00  0.163713E-01
  0.313285E+01  0.827160E-01  0.162867E-01
  0.313558E+01  0.695560E-01  0.161402E-01
  0.313832E+01  0.935476E-01  0.162895E-01
  0.314105E+01  0.915006E-01  0.164632E-01
  0.314379E+01  0.879811E-01  0.163427E-01
  0.314652E+01  0.995480E-01  0.162754E-01
  0.314925E+01  0.771495E-01  0.163308E-01
  0.315199E+01  0.954560E-01  0.165159E-01
  0.315472E+01  0.884291E-01  0.164358E-01
  0.315746E+01  0.136014E+00  0.163544E-01
  0.316019E+01  0.791262E-01  0.163120E-01
  0.316292E+01  0.139116E+00  0.163991E-01
  0.316566E+01  0.121095E+00  0.164220E-01
  0.316839E+01  0.115544E+00  0.164065E-01
  0.317113E+01  0.102252E+00  0.163243E-01
  0.317386E+01  0.103996E+00  0.163365E-01
  0.317659E+01  0.826195E-01  0.162323E-01
  0.317933E+01  0.109385E+00  0.163865E-01
  0.318206E+01  0.107925E+00  0.163031E-01
  0.318480E+01  0.846444E-01  0.162056E-01
  0.318753E+01  0.884873E-01  0.162371E-01
  0.319026E+01  0.879610E-01  0.161443E-01
  0.319300E+01  0.101320E+00  0.163383E-01
  0.319573E+01  0.925171E-01  0.163729E-01
  0.319847E+01  0.874588E-01  0.163176E-01
  0.320120E+01  0.766553E-01  0.161268E-01
  0.320394E+01  0.123648E+00  0.164840E-01
  0.320667E+01  0.982403E-01  0.162037E-01
  0.320940E+01  0.124924E+00  0.163237E-01
  0.321214E+01  0.977561E-01  0.162090E-01
  0.321487E+01  0.938067E-01  0.161756E-01
  0.321761E+01  0.115713E+00  0.164643E-01
  0.322034E+01  0.686742E-01  0.162195E-01
  0.322307E+01  0.754038E-01  0.160572E-01
  0.322581E+01  0.115603E+00  0.163109E-01
  0.322854E+01  0.973282E-01  0.162469E-01
  0.323128E+01  0.102937E+00  0.162447E-01
  0.323401E+01  0.101189E+00  0.163216E-01
  0.323674E+01  0.693953E-01  0.163170E-01
  0.323948E+01  0.909502E-01  0.162105E-01
  0.324221E+01  0.853074E-01  0.162904E-01
  0.324495E+01  0.725050E-01  0.160928E-01
  0.324768E+01  0.711712E-01  0.162532E-01
  0.325041E+01  0.106844E+00  0.164064E-01
  0.325315E+01  0.104331E+00  0.162625E-01
  0.325588E+01  0.115733E+00  0.162674E-01
  0.325862E+01  0.966312E-01  0.162314E-01
  0.326135E+01  0.902350E-01  0.161893E-01
  0.326408E+01  0.936159E-01  0.162885E-01
  0.326682E+01  0.926959E-01  0.163107E-01
  0.326955E+01  0.119281E+00  0.163089E-01
  0.327229E+01  0.116935E+00  0.161926E-01
  0.327502E+01  0.110251E+00  0.163220E-01
  0.327775E+01  0.978244E-01  0.162602E-01
  0.328049E+01  0.113771E+00  0.164071E-01
  0.328322E+01  0.912254E-01  0.161128E-01
  0.328596E+01  0.102216E+00  0.162450E-01
  0.328869E+01  0.943210E-01  0.160845E-01
  0.329142E+01  0.809140E-01  0.162096E-01
  0.329416E+01  0.989534E-01  0.162138E-01
  0.329689E+01  0.103369E+00  0.161191E-01
  0.329963E+01  0.765307E-01  0.162147E-01
  0.330236E+01  0.856348E-01  0.161843E-01
  0.330509E+01  0.103505E+00  0.162780E-01
  0.330783E+01  0.111171E+00  0.162936E-01
  0.331056E+01  0.127563E+00  0.163064E-01
  0.331330E+01  0.130723E+00  0.163493E-01
  0.331603E+01  0.969466E-01  0.162146E-01
  0.331876E+01  0.857413E-01  0.161846E-01
  0.332150E+01  0.895400E-01  0.160726E-01
  0.332423E+01  0.847127E-01  0.162636E-01
  0.332697E+01  0.990599E-01  0.163187E-01
  0.332970E+01  0.983286E-01  0.162904E-01
  0.333244E+01  0.122041E+00  0.161132E-01
  0.333517E+01  0.867859E-01  0.161651E-01
  0.333790E+01  0.967818E-01  0.164225E-01
  0.334064E+01  0.925291E-01  0.162442E-01
  0.334337E+01  0.780856E-01  0.161374E-01
  0.334611E+01  0.815669E-01  0.161431E-01
  0.334884E+01  0.131416E+00  0.161266E-01
  0.335157E+01  0.124550E+00  0.161430E-01
  0.335431E+01  0.108007E+00  0.163667E-01
  0.335704E+01  0.101300E+00  0.160855E-01
  0.335978E+01  0.101376E+00  0.161245E-01
  0.336251E+01  0.127463E+00  0.162517E-01
  0.336524E+01  0.887083E-01  0.161255E-01
  0.336798E+01  0.106047E+00  0.161711E-01
  0.337071E+01  0.115110E+00  0.163625E-01
  0.337345E+01  0.110315E+00  0.161427E-01
  0.337618E+01  0.846846E-01  0.161470E-01
  0.337891E+01  0.121163E+00  0.161989E-01
  0.338165E+01  0.755705E-01  0.159601E-01
  0.338438E+01  0.966633E-01  0.162145E-01
  0.338712E+01  0.122971E+00  0.161424E-01
  0.338985E+01  0.101179E+00  0.160463E-01
  0.339258E+01  0.863921E-01  0.161265E-01
  0.339532E+01  0.748694E-01  0.161102E-01
  0.339805E+01  0.880293E-01  0.161782E-01
  0.340079E+01  0.808959E-01  0.161655E-01
  0.340352E+01  0.833929E-01  0.160301E-01
  0.340625E+01  0.862696E-01  0.159558E-01
  0.340899E+01  0.109361E+00  0.163793E-01
  0.341172E+01  0.789273E-01  0.160233E-01
  0.341446E+01  0.655705E-01  0.160195E-01
  0.341719E+01  0.798252E-01  0.161514E-01
  0.341992E+01  0.107981E+00  0.161561E-01
  0.342266E+01  0.141123E+00  0.161529E-01
  0.342539E+01  0.984954E-01  0.161461E-01
  0.342813E+01  0.852873E-01  0.163052E-01
  0.343086E+01  0.944817E-01  0.160045E-01
  0.343359E+01  0.994395E-01  0.160510E-01
  0.343633E+01  0.949277E-01  0.160731E-01
  0.343906E+01  0.101310E+00  0.161874E-01
  0.344180E+01  0.118011E+00  0.162408E-01
  0.344453E+01  0.976456E-01  0.161470E-01
  0.344726E+01  0.725673E-01  0.160574E-01
  0.345000E+01  0.116764E+00  0.160321E-01
  0.345273E+01  0.833005E-01  0.159957E-01
  0.345547E+01  0.104335E+00  0.161887E-01
  0.345820E+01  0.113180E+00  0.160164E-01
  0.346094E+01  0.145333E+00  0.162129E-01
  0.346367E+01  0.111641E+00  0.161248E-01
  0.346640E+01  0.129056E+00  0.162558E-01
  0.346914E+01  0.104938E+00  0.162597E-01
  0.347187E+01  0.123861E+00  0.163871E-01
  0.347461E+01  0.594496E-01  0.159427E-01
  0.347734E+01  0.107957E+00  0.161183E-01
  0.348007E+01  0.108911E+00  0.160639E-01
  0.348281E+01  0.777622E-01  0.161152E-01
  0.348554E+01  0.856549E-01  0.160690E-01
  0.348828E+01  0.100804E+00  0.161578E-01
  0.349101E+01  0.104542E+00  0.159684E-01
  0.349374E+01  0.988228E-01  0.160546E-01
  0.349648E+01  0.933065E-01  0.161183E-01
  0.349921E+01  0.904681E-01  0.160060E-01
  0.350195E+01  0.930494E-01  0.161981E-01
  0.350468E+01  0.114763E+00  0.162382E-01
  0.350741E+01  0.107139E+00  0.159808E-01
  0.351015E+01  0.101354E+00  0.160498E-01
  0.351288E+01  0.706087E-01  0.158984E-01
  0.351562E+01  0.998594E-01  0.160024E-01
  0.351835E+01  0.798835E-01  0.160275E-01
  0.352108E+01  0.123252E+00  0.162868E-01
  0.352382E+01  0.934251E-01  0.159488E-01
  0.352655E+01  0.881900E-01  0.161013E-01
  0.352929E+01  0.945661E-01  0.160842E-01
  0.353202E+01  0.917236E-01  0.160675E-01
  0.353475E+01  0.108526E+00  0.160559E-01
  0.353749E+01  0.113576E+00  0.161632E-01
  0.354022E+01  0.145205E+00  0.160964E-01
  0.354296E+01  0.117547E+00  0.160850E-01
  0.354569E+01  0.113507E+00  0.160943E-01
  0.354842E+01  0.116215E+00  0.160724E-01
  0.355116E+01  0.117260E+00  0.162412E-01
  0.355389E+01  0.117873E+00  0.161738E-01
  0.355663E+01  0.105096E+00  0.160222E-01
  0.355936E+01  0.148082E+00  0.161564E-01
  0.356209E+01  0.118142E+00  0.161466E-01
  0.356483E+01  0.118624E+00  0.161967E-01
  0.356756E+01  0.739956E-01  0.159509E-01
  0.357030E+01  0.118409E+00  0.159844E-01
  0.357303E+01  0.108467E+00  0.160431E-01
  0.357577E+01  0.119307E+00  0.160535E-01
  0.357850E+01  0.105466E+00  0.160918E-01
  0.358123E+01  0.101000E+00  0.162011E-01
  0.358397E+01  0.948714E-01  0.160555E-01
  0.358670E+01  0.112605E+00  0.160894E-01
  0.358944E+01  0.866653E-01  0.159911E-01
  0.359217E+01  0.113728E+00  0.160886E-01
  0.359490E+01  0.116330E+00  0.160511E-01
  0.359764E+01  0.123662E+00  0.161046E-01
  0.360037E+01  0.818160E-01  0.160777E-01
  0.360311E+01  0.140703E+00  0.160392E-01
  0.360584E+01  0.853596E-01  0.158746E-01
  0.360857E+01  0.103019E+00  0.159745E-01
  0.361131E+01  0.113805E+00  0.160427E-01
  0.361404E+01  0.971736E-01  0.158888E-01
  0.361678E+01  0.114429E+00  0.160203E-01
  0.361951E+01  0.858096E-01  0.159134E-01
  0.362224E+01  0.902632E-01  0.160438E-01
  0.362498E+01  0.120448E+00  0.161815E-01
  0.362771E+01  0.114028E+00  0.161174E-01
  0.363045E+01  0.989835E-01  0.158678E-01
  0.363318E+01  0.123921E+00  0.161905E-01
  0.363591E+01  0.896987E-01  0.158587E-01
  0.363865E+01  0.114381E+00  0.161109E-01
  0.364138E+01  0.947911E-01  0.161752E-01
  0.364412E+01  0.101177E+00  0.161730E-01
  0.364685E+01  0.935094E-01  0.160766E-01
  0.364958E+01  0.110888E+00  0.160726E-01
  0.365232E+01  0.120745E+00  0.160254E-01
  0.365505E+01  0.132176E+00  0.160351E-01
  0.365779E+01  0.102571E+00  0.160945E-01
  0.366052E+01  0.112057E+00  0.159837E-01
  0.366325E+01  0.100133E+00  0.161158E-01
  0.366599E+01  0.137800E+00  0.162522E-01
  0.366872E+01  0.121957E+00  0.160626E-01
  0.367146E+01  0.126081E+00  0.160320E-01
  0.367419E+01  0.107419E+00  0.159357E-01
  0.367692E+01  0.125321E+00  0.160720E-01
  0.367966E+01  0.103769E+00  0.160393E-01
  0.368239E+01  0.142696E+00  0.160305E-01
  0.368513E+01  0.122202E+00  0.160496E-01
  0.368786E+01  0.106063E+00  0.160497E-01
  0.369059E+01  0.970209E-01  0.159978E-01
  0.369333E+01  0.119530E+00  0.161348E-01
  0.369606E+01  0.106332E+00  0.161800E-01
  0.369880E+01  0.124938E+00  0.162317E-01
  0.370153E+01  0.107565E+00  0.159086E-01
  0.370427E+01  0.142451E+00  0.160886E-01
  0.370700E+01  0.132308E+00  0.160632E-01
  0.370973E+01  0.119727E+00  0.162100E-01
  0.371247E+01  0.106430E+00  0.160480E-01
  0.371520E+01  0.144034E+00  0.161509E-01
  0.371794E+01  0.112220E+00  0.160376E-01
  0.372067E+01  0.132437E+00  0.162054E-01
  0.372340E+01  0.119305E+00  0.162530E-01
  0.372614E+01  0.130649E+00  0.162085E-01
  0.372887E+01  0.108536E+00  0.162170E-01
  0.373161E+01  0.117861E+00  0.160985E-01
  0.373434E+01  0.106703E+00  0.160159E-01
  0.373707E+01  0.115894E+00  0.161473E-01
  0.373981E+01  0.146205E+00  0.160698E-01
  0.374254E+01  0.121049E+00  0.161100E-01
  0.374528E+01  0.101631E+00  0.160066E-01
  0.374801E+01  0.115579E+00  0.159296E-01
  0.375074E+01  0.121979E+00  0.161291E-01
  0.375348E+01  0.131601E+00  0.160943E-01
  0.375621E+01  0.108612E+00  0.160301E-01
  0.375895E+01  0.103644E+00  0.159896E-01
  0.376168E+01  0.115679E+00  0.161515E-01
  0.376441E+01  0.144789E+00  0.161011E-01
  0.376715E+01  0.111961E+00  0.162644E-01
  0.376988E+01  0.134540E+00  0.161524E-01
  0.377262E+01  0.112358E+00  0.159597E-01
  0.377535E+01  0.114146E+00  0.160159E-01
  0.377808E+01  0.120834E+00  0.162477E-01
  0.378082E+01  0.131758E+00  0.159925E-01
  0.378355E+01  0.124275E+00  0.161349E-01
  0.378629E+01  0.102676E+00  0.160857E-01
  0.378902E+01  0.150956E+00  0.161817E-01
  0.379175E+01  0.109389E+00  0.159787E-01
  0.379449E+01  0.136762E+00  0.161250E-01
  0.379722E+01  0.789634E-01  0.158797E-01
  0.379996E+01  0.122774E+00  0.160781E-01
  0.380269E+01  0.126623E+00  0.161426E-01
  0.380542E+01  0.119638E+00  0.160391E-01
  0.380816E+01  0.130637E+00  0.161033E-01
  0.381089E+01  0.135293E+00  0.162137E-01
  0.381363E+01  0.121701E+00  0.160653E-01
  0.381636E+01  0.156213E+00  0.161227E-01
  0.381909E+01  0.101555E+00  0.157970E-01
  0.382183E+01  0.106272E+00  0.160925E-01
  0.382456E+01  0.114877E+00  0.159959E-01
  0.382730E+01  0.114385E+00  0.161060E-01
  0.383003E+01  0.109938E+00  0.160196E-01
  0.383277E+01  0.153718E+00  0.161594E-01
  0.383550E+01  0.134869E+00  0.161588E-01
  0.383823E+01  0.132125E+00  0.161479E-01
  0.384097E+01  0.116679E+00  0.160054E-01
  0.384370E+01  0.129729E+00  0.159336E-01
  0.384644E+01  0.118274E+00  0.160129E-01
  0.384917E+01  0.128765E+00  0.161086E-01
  0.385190E+01  0.139520E+00  0.160162E-01
  0.385464E+01  0.136203E+00  0.161320E-01
  0.385737E+01  0.130062E+00  0.160960E-01
  0.386011E+01  0.154434E+00  0.161780E-01
  0.386284E+01  0.149399E+00  0.160900E-01
  0.386557E+01  0.132166E+00  0.161111E-01
  0.386831E+01  0.130721E+00  0.160689E-01
  0.387104E+01  0.134357E+00  0.160065E-01
  0.387378E+01  0.122336E+00  0.159473E-01
  0.387651E+01  0.146527E+00  0.160643E-01
  0.387924E+01  0.150625E+00  0.159978E-01
  0.388198E+01  0.127015E+00  0.161876E-01
  0.388471E+01  0.132372E+00  0.160365E-01
  0.388745E+01  0.134946E+00  0.160662E-01
  0.389018E+01  0.122903E+00  0.160280E-01
  0.389291E+01  0.133349E+00  0.160972E-01
  0.389565E+01  0.140335E+00  0.161146E-01
  0.389838E+01  0.110498E+00  0.159428E-01
  0.390112E+01  0.104478E+00  0.158478E-01
  0.390385E+01  0.146848E+00  0.160189E-01
  0.390658E+01  0.131233E+00  0.159360E-01
  0.390932E+01  0.116752E+00  0.159758E-01
  0.391205E+01  0.150040E+00  0.160141E-01
  0.391479E+01  0.138899E+00  0.161100E-01
  0.391752E+01  0.124058E+00  0.160594E-01
  0.392025E+01  0.110806E+00  0.160239E-01
  0.392299E+01  0.145012E+00  0.160143E-01
  0.392572E+01  0.126260E+00  0.159415E-01
  0.392846E+01  0.102433E+00  0.158951E-01
  0.393119E+01  0.159809E+00  0.159953E-01
  0.393392E+01  0.118574E+00  0.159581E-01
  0.393666E+01  0.161939E+00  0.186215E-01
  0.393939E+01  0.125207E+00  0.197096E-01
  0.394213E+01  0.110078E+00  0.204565E-01
  0.394486E+01  0.145783E+00  0.222908E-01
  0.394759E+01  0.175834E+00  0.240847E-01
  0.395033E+01  0.109434E+00  0.247243E-01
  0.395306E+01  0.151296E+00  0.260047E-01
  0.395580E+01  0.174393E+00  0.263601E-01
  0.395853E+01  0.137473E+00  0.278517E-01
  0.396127E+01  0.174976E+00  0.291033E-01
  0.396400E+01  0.143208E+00  0.214707E-01
  0.396673E+01  0.120303E+00  0.200698E-01
  0.396947E+01  0.141545E+00  0.194665E-01
  0.397220E+01  0.123767E+00  0.189436E-01
  0.397494E+01  0.124526E+00  0.182095E-01
  0.397767E+01  0.135697E+00  0.181757E-01
  0.398040E+01  0.167391E+00  0.180421E-01
  0.398314E+01  0.138124E+00  0.178733E-01
  0.398587E+01  0.131983E+00  0.177841E-01
  0.398861E+01  0.124448E+00  0.177954E-01
  0.399134E+01  0.162668E+00  0.178305E-01
  0.399407E+01  0.167855E+00  0.176074E-01
  0.399681E+01  0.139182E+00  0.175063E-01
  0.399954E+01  0.159590E+00  0.177137E-01
  0.400228E+01  0.125653E+00  0.174702E-01
  0.400501E+01  0.145631E+00  0.174556E-01
  0.400774E+01  0.119763E+00  0.173901E-01
  0.401048E+01  0.120458E+00  0.170255E-01
  0.401321E+01  0.157164E+00  0.171564E-01
  0.401595E+01  0.161485E+00  0.168843E-01
  0.401868E+01  0.132843E+00  0.168589E-01
  0.402141E+01  0.129512E+00  0.165581E-01
  0.402415E+01  0.125605E+00  0.165955E-01
  0.402688E+01  0.161792E+00  0.165458E-01
  0.402962E+01  0.165587E+00  0.164880E-01
  0.403235E+01  0.156183E+00  0.162414E-01
  0.403508E+01  0.168829E+00  0.163741E-01
  0.403782E+01  0.136830E+00  0.161355E-01
  0.404055E+01  0.143710E+00  0.161182E-01
  0.404329E+01  0.151579E+00  0.162252E-01
  0.404602E+01  0.150637E+00  0.160506E-01
  0.404875E+01  0.149034E+00  0.162930E-01
  0.405149E+01  0.138373E+00  0.160181E-01
  0.405422E+01  0.122067E+00  0.161122E-01
  0.405696E+01  0.111762E+00  0.160709E-01
  0.405969E+01  0.163521E+00  0.160523E-01
  0.406242E+01  0.120008E+00  0.161967E-01
  0.406516E+01  0.130476E+00  0.159976E-01
  0.406789E+01  0.162378E+00  0.161391E-01
  0.407063E+01  0.120856E+00  0.159456E-01
  0.407336E+01  0.145129E+00  0.161720E-01
  0.407610E+01  0.127133E+00  0.160795E-01
  0.407883E+01  0.142638E+00  0.161932E-01
  0.408156E+01  0.133907E+00  0.161186E-01
  0.408430E+01  0.129638E+00  0.161726E-01
  0.408703E+01  0.148303E+00  0.160749E-01
  0.408977E+01  0.114436E+00  0.161186E-01
  0.409250E+01  0.126774E+00  0.160621E-01
  0.409523E+01  0.145552E+00  0.161984E-01
  0.409797E+01  0.146790E+00  0.159751E-01
  0.410070E+01  0.138690E+00  0.160256E-01
  0.410344E+01  0.127093E+00  0.160840E-01
  0.410617E+01  0.142149E+00  0.160364E-01
  0.410890E+01  0.135167E+00  0.160002E-01
  0.411164E+01  0.158885E+00  0.159536E-01
  0.411437E+01  0.150725E+00  0.161690E-01
  0.411711E+01  0.147059E+00  0.161067E-01
  0.411984E+01  0.150984E+00  0.160597E-01
  0.412257E+01  0.145360E+00  0.159217E-01
  0.412531E+01  0.149257E+00  0.159079E-01
  0.412804E+01  0.151390E+00  0.161631E-01
  0.413078E+01  0.158067E+00  0.159827E-01
  0.413351E+01  0.126252E+00  0.159588E-01
  0.413624E+01  0.141424E+00  0.159998E-01
  0.413898E+01  0.151063E+00  0.160766E-01
  0.414171E+01  0.130183E+00  0.160136E-01
  0.414445E+01  0.123104E+00  0.159431E-01
  0.414718E+01  0.161748E+00  0.160195E-01
  0.414991E+01  0.189815E+00  0.160803E-01
  0.415265E+01  0.141386E+00  0.159594E-01
  0.415538E+01  0.131294E+00  0.160096E-01
  0.415812E+01  0.132075E+00  0.160423E-01
  0.416085E+01  0.164140E+00  0.159966E-01
  0.416358E+01  0.152654E+00  0.160719E-01
  0.416632E+01  0.122308E+00  0.158451E-01
  0.416905E+01  0.127382E+00  0.158319E-01
  0.417179E+01  0.158576E+00  0.160479E-01
  0.417452E+01  0.154974E+00  0.159722E-01
  0.417725E+01  0.164924E+00  0.160443E-01
  0.417999E+01  0.132716E+00  0.159245E-01
  0.418272E+01  0.145637E+00  0.159811E-01
  0.418546E+01  0.123361E+00  0.160551E-01
  0.418819E+01  0.144496E+00  0.160140E-01
  0.419092E+01  0.133343E+00  0.158679E-01
  0.419366E+01  0.135814E+00  0.158845E-01
  0.419639E+01  0.137929E+00  0.160875E-01
  0.419913E+01  0.150848E+00  0.160033E-01
  0.420186E+01  0.162626E+00  0.160645E-01
  0.420460E+01  0.124407E+00  0.157739E-01
  0.420733E+01  0.147143E+00  0.159070E-01
  0.421006E+01  0.152186E+00  0.160140E-01
  0.421280E+01  0.138033E+00  0.159530E-01
  0.421553E+01  0.157443E+00  0.160242E-01
  0.421827E+01  0.132077E+00  0.158194E-01
  0.422100E+01  0.148039E+00  0.159207E-01
  0.422373E+01  0.157768E+00  0.159250E-01
  0.422647E+01  0.141595E+00  0.159424E-01
  0.422920E+01  0.139293E+00  0.160097E-01
  0.423194E+01  0.145948E+00  0.158682E-01
  0.423467E+01  0.146973E+00  0.160335E-01
  0.423740E+01  0.146205E+00  0.159074E-01
  0.424014E+01  0.133921E+00  0.158386E-01
  0.424287E+01  0.131649E+00  0.158406E-01
  0.424561E+01  0.126930E+00  0.158360E-01
  0.424834E+01  0.139466E+00  0.158901E-01
  0.425107E+01  0.174112E+00  0.159893E-01
  0.425381E+01  0.128803E+00  0.158261E-01
  0.425654E+01  0.155458E+00  0.159450E-01
  0.425928E+01  0.113935E+00  0.159504E-01
  0.426201E+01  0.140090E+00  0.158623E-01
  0.426474E+01  0.150659E+00  0.158380E-01
  0.426748E+01  0.144186E+00  0.157924E-01
  0.427021E+01  0.167415E+00  0.159253E-01
  0.427295E+01  0.145289E+00  0.158046E-01
  0.427568E+01  0.106053E+00  0.157807E-01
  0.427841E+01  0.135100E+00  0.159409E-01
  0.428115E+01  0.146398E+00  0.159912E-01
  0.428388E+01  0.145265E+00  0.157689E-01
  0.428662E+01  0.142997E+00  0.157901E-01
  0.428935E+01  0.138254E+00  0.157994E-01
  0.429208E+01  0.153875E+00  0.159060E-01
  0.429482E+01  0.136235E+00  0.157095E-01
  0.429755E+01  0.139265E+00  0.157353E-01
  0.430029E+01  0.112320E+00  0.158546E-01
  0.430302E+01  0.137887E+00  0.157344E-01
  0.430575E+01  0.127620E+00  0.156469E-01
  0.430849E+01  0.155478E+00  0.159527E-01
  0.431122E+01  0.145775E+00  0.157883E-01
  0.431396E+01  0.138791E+00  0.159096E-01
  0.431669E+01  0.130631E+00  0.157857E-01
  0.431942E+01  0.139429E+00  0.157285E-01
  0.432216E+01  0.149004E+00  0.159149E-01
  0.432489E+01  0.165267E+00  0.158180E-01
  0.432763E+01  0.156432E+00  0.159246E-01
  0.433036E+01  0.125253E+00  0.154842E-01
  0.433310E+01  0.140601E+00  0.158065E-01
  0.433583E+01  0.153534E+00  0.159002E-01
  0.433856E+01  0.130500E+00  0.156014E-01
  0.434130E+01  0.137182E+00  0.156709E-01
  0.434403E+01  0.136487E+00  0.158008E-01
  0.434677E+01  0.138923E+00  0.156304E-01
  0.434950E+01  0.165504E+00  0.158753E-01
  0.435223E+01  0.162049E+00  0.157126E-01
  0.435497E+01  0.120440E+00  0.156466E-01
  0.435770E+01  0.140886E+00  0.156821E-01
  0.436044E+01  0.151888E+00  0.157935E-01
  0.436317E+01  0.151734E+00  0.158505E-01
  0.436590E+01  0.142981E+00  0.157088E-01
  0.436864E+01  0.135396E+00  0.156749E-01
  0.437137E+01  0.120733E+00  0.156872E-01
  0.437411E+01  0.112989E+00  0.156894E-01
  0.437684E+01  0.144305E+00  0.158283E-01
  0.437957E+01  0.160147E+00  0.158286E-01
  0.438231E+01  0.116545E+00  0.156876E-01
  0.438504E+01  0.124096E+00  0.158288E-01
  0.438778E+01  0.145275E+00  0.156834E-01
  0.439051E+01  0.139303E+00  0.155862E-01
  0.439324E+01  0.121254E+00  0.155551E-01
  0.439598E+01  0.161195E+00  0.157567E-01
  0.439871E+01  0.126818E+00  0.154927E-01
  0.440145E+01  0.129512E+00  0.156227E-01
  0.440418E+01  0.146762E+00  0.156416E-01
  0.440691E+01  0.114361E+00  0.156682E-01
  0.440965E+01  0.985717E-01  0.155746E-01
  0.441238E+01  0.132318E+00  0.156951E-01
  0.441512E+01  0.111442E+00  0.155262E-01
  0.441785E+01  0.185904E+00  0.158877E-01
  0.442058E+01  0.136446E+00  0.156572E-01
  0.442332E+01  0.127947E+00  0.157014E-01
  0.442605E+01  0.133049E+00  0.156776E-01
  0.442879E+01  0.145988E+00  0.156915E-01
  0.443152E+01  0.140777E+00  0.156380E-01
  0.443425E+01  0.139000E+00  0.156310E-01
  0.443699E+01  0.137776E+00  0.155066E-01
  0.443972E+01  0.120763E+00  0.154820E-01
  0.444246E+01  0.125848E+00  0.156288E-01
  0.444519E+01  0.115189E+00  0.155544E-01
  0.444792E+01  0.132849E+00  0.154509E-01
  0.445066E+01  0.136533E+00  0.157052E-01
  0.445339E+01  0.152051E+00  0.156858E-01
  0.445613E+01  0.143534E+00  0.154960E-01
  0.445886E+01  0.128765E+00  0.154636E-01
  0.446160E+01  0.129120E+00  0.155392E-01
  0.446433E+01  0.120735E+00  0.155326E-01
  0.446706E+01  0.116487E+00  0.155265E-01
  0.446980E+01  0.151981E+00  0.156254E-01
  0.447253E+01  0.151284E+00  0.155806E-01
  0.447527E+01  0.142798E+00  0.155637E-01
  0.447800E+01  0.136629E+00  0.154902E-01
  0.448073E+01  0.129713E+00  0.154818E-01
  0.448347E+01  0.154990E+00  0.156036E-01
  0.448620E+01  0.127145E+00  0.155312E-01
  0.448894E+01  0.162778E+00  0.156044E-01
  0.449167E+01  0.123313E+00  0.154815E-01
  0.449440E+01  0.135621E+00  0.155960E-01
  0.449714E+01  0.149102E+00  0.155928E-01
  0.449987E+01  0.135219E+00  0.154807E-01
  0.450261E+01  0.113190E+00  0.154433E-01
  0.450534E+01  0.133292E+00  0.154955E-01
  0.450807E+01  0.135281E+00  0.155733E-01
  0.451081E+01  0.145056E+00  0.156556E-01
  0.451354E+01  0.132276E+00  0.155989E-01
  0.451628E+01  0.129341E+00  0.154900E-01
  0.451901E+01  0.123895E+00  0.154075E-01
  0.452174E+01  0.125398E+00  0.155171E-01
  0.452448E+01  0.117198E+00  0.153656E-01
  0.452721E+01  0.113182E+00  0.155317E-01
  0.452995E+01  0.166197E+00  0.156220E-01
  0.453268E+01  0.130173E+00  0.154711E-01
  0.453541E+01  0.119946E+00  0.155641E-01
  0.453815E+01  0.125277E+00  0.155688E-01
  0.454088E+01  0.124170E+00  0.155435E-01
  0.454362E+01  0.134793E+00  0.155040E-01
  0.454635E+01  0.126360E+00  0.156205E-01
  0.454908E+01  0.119046E+00  0.155256E-01
  0.455182E+01  0.140446E+00  0.156041E-01
  0.455455E+01  0.119470E+00  0.153848E-01
  0.455729E+01  0.123162E+00  0.155739E-01
  0.456002E+01  0.139341E+00  0.155508E-01
  0.456275E+01  0.114486E+00  0.155694E-01
  0.456549E+01  0.126141E+00  0.156125E-01
  0.456822E+01  0.111322E+00  0.153424E-01
  0.457096E+01  0.124843E+00  0.155361E-01
  0.457369E+01  0.134815E+00  0.154773E-01
  0.457643E+01  0.116975E+00  0.154973E-01
  0.457916E+01  0.123596E+00  0.154879E-01
  0.458189E+01  0.136071E+00  0.155815E-01
  0.458463E+01  0.113260E+00  0.154522E-01
  0.458736E+01  0.142477E+00  0.154890E-01
  0.459010E+01  0.137867E+00  0.156433E-01
  0.459283E+01  0.126989E+00  0.156049E-01
  0.459556E+01  0.118797E+00  0.153708E-01
  0.459830E+01  0.132871E+00  0.155757E-01
  0.460103E+01  0.899478E-01  0.154446E-01
  0.460377E+01  0.111002E+00  0.155792E-01
  0.460650E+01  0.148700E+00  0.156433E-01
  0.460923E+01  0.109508E+00  0.154451E-01
  0.461197E+01  0.126941E+00  0.156009E-01
  0.461470E+01  0.139652E+00  0.155568E-01
  0.461744E+01  0.125912E+00  0.154642E-01
  0.462017E+01  0.139062E+00  0.154550E-01
  0.462290E+01  0.144333E+00  0.154544E-01
  0.462564E+01  0.142738E+00  0.154812E-01
  0.462837E+01  0.124287E+00  0.155895E-01
  0.463111E+01  0.104600E+00  0.155574E-01
  0.463384E+01  0.115898E+00  0.155632E-01
  0.463657E+01  0.961511E-01  0.153971E-01
  0.463931E+01  0.137077E+00  0.153442E-01
  0.464204E+01  0.146515E+00  0.154431E-01
  0.464478E+01  0.124735E+00  0.153771E-01
  0.464751E+01  0.128620E+00  0.154732E-01
  0.465024E+01  0.123481E+00  0.154171E-01
  0.465298E+01  0.125016E+00  0.152835E-01
  0.465571E+01  0.121392E+00  0.154873E-01
  0.465845E+01  0.128132E+00  0.154877E-01
  0.466118E+01  0.116816E+00  0.154004E-01
  0.466391E+01  0.117222E+00  0.152251E-01
  0.466665E+01  0.120562E+00  0.152213E-01
  0.466938E+01  0.112638E+00  0.152599E-01
  0.467212E+01  0.122784E+00  0.152249E-01
  0.467485E+01  0.136806E+00  0.152218E-01
  0.467758E+01  0.100564E+00  0.152036E-01
  0.468032E+01  0.128813E+00  0.154530E-01
  0.468305E+01  0.118771E+00  0.152208E-01
  0.468579E+01  0.121091E+00  0.152388E-01
  0.468852E+01  0.120585E+00  0.152996E-01
  0.469125E+01  0.122356E+00  0.152312E-01
  0.469399E+01  0.128234E+00  0.154335E-01
  0.469672E+01  0.121450E+00  0.154058E-01
  0.469946E+01  0.124028E+00  0.152627E-01
  0.470219E+01  0.118381E+00  0.154236E-01
  0.470493E+01  0.128803E+00  0.153431E-01
  0.470766E+01  0.117025E+00  0.154374E-01
  0.471039E+01  0.137129E+00  0.152539E-01
  0.471313E+01  0.125928E+00  0.154773E-01
  0.471586E+01  0.128371E+00  0.154122E-01
  0.471860E+01  0.114849E+00  0.154924E-01
  0.472133E+01  0.127268E+00  0.155131E-01
  0.472406E+01  0.120566E+00  0.153843E-01
  0.472680E+01  0.100753E+00  0.153855E-01
  0.472953E+01  0.995299E-01  0.154286E-01
  0.473227E+01  0.140464E+00  0.155084E-01
  0.473500E+01  0.114458E+00  0.153810E-01
  0.473773E+01  0.125006E+00  0.152690E-01
  0.474047E+01  0.878787E-01  0.153267E-01
  0.474320E+01  0.124488E+00  0.155295E-01
  0.474594E+01  0.114381E+00  0.154592E-01
  0.474867E+01  0.869667E-01  0.151882E-01
  0.475140E+01  0.117923E+00  0.153355E-01
  0.475414E+01  0.115751E+00  0.152853E-01
  0.475687E+01  0.140731E+00  0.154927E-01
  0.475961E+01  0.124190E+00  0.155517E-01
  0.476234E+01  0.111834E+00  0.153884E-01
  0.476507E+01  0.111346E+00  0.154376E-01
  0.476781E+01  0.112479E+00  0.152704E-01
  0.477054E+01  0.135683E+00  0.155015E-01
  0.477328E+01  0.111981E+00  0.152787E-01
  0.477601E+01  0.100048E+00  0.155106E-01
  0.477874E+01  0.113194E+00  0.154191E-01
  0.478148E+01  0.139813E+00  0.154257E-01
  0.478421E+01  0.124110E+00  0.154152E-01
  0.478695E+01  0.122648E+00  0.154001E-01
  0.478968E+01  0.126894E+00  0.154783E-01
  0.479241E+01  0.105717E+00  0.153978E-01
  0.479515E+01  0.119560E+00  0.153314E-01
  0.479788E+01  0.132656E+00  0.154374E-01
  0.480062E+01  0.136509E+00  0.154226E-01
  0.480335E+01  0.118632E+00  0.153715E-01
  0.480608E+01  0.112607E+00  0.153562E-01
  0.480882E+01  0.103355E+00  0.153362E-01
  0.481155E+01  0.989474E-01  0.152508E-01
  0.481429E+01  0.110163E+00  0.153121E-01
  0.481702E+01  0.957393E-01  0.151798E-01
  0.481975E+01  0.109869E+00  0.153254E-01
  0.482249E+01  0.123483E+00  0.154917E-01
  0.482522E+01  0.113086E+00  0.151514E-01
  0.482796E+01  0.113501E+00  0.154769E-01
  0.483069E+01  0.100199E+00  0.152642E-01
  0.483343E+01  0.116035E+00  0.152076E-01
  0.483616E+01  0.105683E+00  0.151860E-01
  0.483889E+01  0.122017E+00  0.153397E-01
  0.484163E+01  0.133714E+00  0.155623E-01
  0.484436E+01  0.112760E+00  0.152083E-01
  0.484710E+01  0.950482E-01  0.152618E-01
  0.484983E+01  0.111708E+00  0.154287E-01
  0.485256E+01  0.121101E+00  0.151882E-01
  0.485530E+01  0.132832E+00  0.153518E-01
  0.485803E+01  0.118359E+00  0.153190E-01
  0.486077E+01  0.114813E+00  0.153090E-01
  0.486350E+01  0.109687E+00  0.152627E-01
  0.486623E+01  0.117067E+00  0.153771E-01
  0.486897E+01  0.923965E-01  0.153076E-01
  0.487170E+01  0.127700E+00  0.152953E-01
  0.487444E+01  0.111774E+00  0.152656E-01
  0.487717E+01  0.136583E+00  0.152118E-01
  0.487990E+01  0.105416E+00  0.152561E-01
  0.488264E+01  0.867196E-01  0.154511E-01
  0.488537E+01  0.115038E+00  0.152943E-01
  0.488811E+01  0.108917E+00  0.154631E-01
  0.489084E+01  0.113714E+00  0.152994E-01
  0.489357E+01  0.106364E+00  0.154279E-01
  0.489631E+01  0.121414E+00  0.153128E-01
  0.489904E+01  0.101983E+00  0.152170E-01
  0.490178E+01  0.110872E+00  0.153574E-01
  0.490451E+01  0.905424E-01  0.151215E-01
  0.490724E+01  0.865227E-01  0.153436E-01
  0.490998E+01  0.102113E+00  0.152320E-01
  0.491271E+01  0.116959E+00  0.153240E-01
  0.491545E+01  0.108361E+00  0.153265E-01
  0.491818E+01  0.122911E+00  0.154105E-01
  0.492091E+01  0.114090E+00  0.152773E-01
  0.492365E+01  0.924729E-01  0.151101E-01
  0.492638E+01  0.119136E+00  0.152937E-01
  0.492912E+01  0.121135E+00  0.153168E-01
  0.493185E+01  0.101720E+00  0.152663E-01
  0.493458E+01  0.108397E+00  0.151796E-01
  0.493732E+01  0.119564E+00  0.153385E-01
  0.494005E+01  0.129275E+00  0.153497E-01
  0.494279E+01  0.103070E+00  0.152408E-01
  0.494552E+01  0.103722E+00  0.152666E-01
  0.494825E+01  0.922077E-01  0.152848E-01
  0.495099E+01  0.101187E+00  0.151871E-01
  0.495372E+01  0.102945E+00  0.152442E-01
  0.495646E+01  0.124821E+00  0.152400E-01
  0.495919E+01  0.124040E+00  0.152327E-01
  0.496193E+01  0.115478E+00  0.153638E-01
  0.496466E+01  0.101959E+00  0.152365E-01
  0.496739E+01  0.971595E-01  0.152357E-01
  0.497013E+01  0.775994E-01  0.152824E-01
  0.497286E+01  0.903435E-01  0.153302E-01
  0.497560E+01  0.851145E-01  0.151153E-01
  0.497833E+01  0.953033E-01  0.152424E-01
  0.498106E+01  0.106844E+00  0.152873E-01
  0.498380E+01  0.116961E+00  0.152873E-01
  0.498653E+01  0.881740E-01  0.152283E-01
  0.498927E+01  0.111669E+00  0.151769E-01
  0.499200E+01  0.866794E-01  0.151909E-01
  0.499473E+01  0.962997E-01  0.153252E-01
  0.499747E+01  0.105800E+00  0.152541E-01
  0.500020E+01  0.952973E-01  0.149824E-01
  0.500294E+01  0.145010E+00  0.153486E-01
  0.500567E+01  0.112891E+00  0.153020E-01
  0.500840E+01  0.109640E+00  0.152273E-01
  0.501114E+01  0.924126E-01  0.152556E-01
  0.501387E+01  0.114440E+00  0.151848E-01
  0.501661E+01  0.113861E+00  0.152014E-01
  0.501934E+01  0.105159E+00  0.153316E-01
  0.502207E+01  0.119108E+00  0.153456E-01
  0.502481E+01  0.105571E+00  0.152708E-01
  0.502754E+01  0.840478E-01  0.152733E-01
  0.503028E+01  0.119970E+00  0.153047E-01
  0.503301E+01  0.115315E+00  0.153368E-01
  0.503574E+01  0.938389E-01  0.152619E-01
  0.503848E+01  0.107228E+00  0.151940E-01
  0.504121E+01  0.105129E+00  0.152237E-01
  0.504395E+01  0.101581E+00  0.152878E-01
  0.504668E+01  0.100691E+00  0.151543E-01
  0.504941E+01  0.908256E-01  0.152302E-01
  0.505215E+01  0.107202E+00  0.154412E-01
  0.505488E+01  0.132280E+00  0.152586E-01
  0.505762E+01  0.105544E+00  0.152417E-01
  0.506035E+01  0.767015E-01  0.150771E-01
  0.506308E+01  0.113188E+00  0.152226E-01
  0.506582E+01  0.928305E-01  0.153081E-01
  0.506855E+01  0.838570E-01  0.151981E-01
  0.507129E+01  0.984592E-01  0.152435E-01
  0.507402E+01  0.919546E-01  0.152393E-01
  0.507676E+01  0.125030E+00  0.153858E-01
  0.507949E+01  0.938891E-01  0.153563E-01
  0.508222E+01  0.834954E-01  0.152239E-01
  0.508496E+01  0.776959E-01  0.152350E-01
  0.508769E+01  0.123104E+00  0.153060E-01
  0.509043E+01  0.843552E-01  0.152754E-01
  0.509316E+01  0.973785E-01  0.151776E-01
  0.509589E+01  0.113035E+00  0.153216E-01
  0.509863E+01  0.125986E+00  0.154081E-01
  0.510136E+01  0.955404E-01  0.153551E-01
  0.510410E+01  0.125151E+00  0.153388E-01
  0.510683E+01  0.105472E+00  0.153770E-01
  0.510956E+01  0.108497E+00  0.153418E-01
  0.511230E+01  0.103881E+00  0.153352E-01
  0.511503E+01  0.708678E-01  0.151623E-01
  0.511777E+01  0.942547E-01  0.152365E-01
  0.512050E+01  0.103047E+00  0.152518E-01
  0.512323E+01  0.115950E+00  0.153595E-01
  0.512597E+01  0.951366E-01  0.152553E-01
  0.512870E+01  0.116235E+00  0.151650E-01
  0.513144E+01  0.985195E-01  0.151739E-01
  0.513417E+01  0.116151E+00  0.152953E-01
  0.513690E+01  0.107324E+00  0.153205E-01
  0.513964E+01  0.111041E+00  0.153255E-01
  0.514237E+01  0.817497E-01  0.150444E-01
  0.514511E+01  0.963740E-01  0.151341E-01
  0.514784E+01  0.757674E-01  0.153292E-01
  0.515057E+01  0.116583E+00  0.153756E-01
  0.515331E+01  0.665488E-01  0.151967E-01
  0.515604E+01  0.790056E-01  0.152671E-01
  0.515878E+01  0.960526E-01  0.151104E-01
  0.516151E+01  0.108927E+00  0.153679E-01
  0.516424E+01  0.953355E-01  0.152553E-01
  0.516698E+01  0.102409E+00  0.153207E-01
  0.516971E+01  0.807573E-01  0.152169E-01
  0.517245E+01  0.140342E+00  0.154847E-01
  0.517518E+01  0.124032E+00  0.153353E-01
  0.517791E+01  0.980273E-01  0.153015E-01
  0.518065E+01  0.119056E+00  0.153417E-01
  0.518338E+01  0.770490E-01  0.152647E-01
  0.518612E+01  0.101533E+00  0.152218E-01
  0.518885E+01  0.123931E+00  0.153766E-01
  0.519158E+01  0.878666E-01  0.151960E-01
  0.519432E+01  0.956408E-01  0.154131E-01
  0.519705E+01  0.100494E+00  0.154136E-01
  0.519979E+01  0.903636E-01  0.152791E-01
  0.520252E+01  0.104936E+00  0.154314E-01
  0.520526E+01  0.862334E-01  0.151840E-01
  0.520799E+01  0.105327E+00  0.151933E-01
  0.521072E+01  0.119508E+00  0.153874E-01
  0.521346E+01  0.876979E-01  0.153274E-01
  0.521619E+01  0.976135E-01  0.152339E-01
  0.521893E+01  0.107961E+00  0.152613E-01
  0.522166E+01  0.110514E+00  0.153308E-01
  0.522439E+01  0.915789E-01  0.152809E-01
  0.522713E+01  0.104994E+00  0.153504E-01
  0.522986E+01  0.901928E-01  0.153124E-01
  0.523260E+01  0.101949E+00  0.153488E-01
  0.523533E+01  0.636782E-01  0.151604E-01
  0.523806E+01  0.104307E+00  0.153634E-01
  0.524080E+01  0.101372E+00  0.153881E-01
  0.524353E+01  0.120084E+00  0.152952E-01
  0.524627E+01  0.800181E-01  0.152737E-01
  0.524900E+01  0.910145E-01  0.153271E-01
  0.525173E+01  0.864102E-01  0.152327E-01
  0.525447E+01  0.997790E-01  0.153110E-01
  0.525720E+01  0.101695E+00  0.152913E-01
  0.525994E+01  0.110438E+00  0.153359E-01
  0.526267E+01  0.914042E-01  0.152847E-01
  0.526540E+01  0.925914E-01  0.152604E-01
  0.526814E+01  0.803455E-01  0.153014E-01
  0.527087E+01  0.121167E+00  0.154607E-01
  0.527361E+01  0.111227E+00  0.153380E-01
  0.527634E+01  0.885918E-01  0.152792E-01
  0.527907E+01  0.110337E+00  0.152293E-01
  0.528181E+01  0.980474E-01  0.154966E-01
  0.528454E+01  0.908899E-01  0.151884E-01
  0.528728E+01  0.940920E-01  0.181403E-01
  0.529001E+01  0.101479E+00  0.193941E-01
  0.529274E+01  0.871635E-01  0.212164E-01
  0.529548E+01  0.100645E+00  0.231032E-01
  0.529821E+01  0.127961E+00  0.246104E-01
  0.530095E+01  0.887686E-01  0.256197E-01
  0.530368E+01  0.565609E-01  0.269126E-01
  0.530641E+01  0.790980E-01  0.282822E-01
  0.530915E+01  0.565448E-01  0.295967E-01
  0.531188E+01  0.110181E+00  0.202372E-01
  0.531462E+01  0.114311E+00  0.195810E-01
  0.531735E+01  0.652391E-01  0.179321E-01
  0.532008E+01  0.935516E-01  0.174747E-01
  0.532282E+01  0.109148E+00  0.174142E-01
  0.532555E+01  0.122437E+00  0.171979E-01
  0.532829E+01  0.105191E+00  0.171576E-01
  0.533102E+01  0.110217E+00  0.169197E-01
  0.533376E+01  0.819626E-01  0.169259E-01
  0.533649E+01  0.103895E+00  0.167610E-01
  0.533922E+01  0.115765E+00  0.168551E-01
  0.534196E+01  0.110651E+00  0.167356E-01
  0.534469E+01  0.966553E-01  0.164271E-01
  0.534743E+01  0.771133E-01  0.159644E-01
  0.535016E+01  0.716031E-01  0.157456E-01
  0.535289E+01  0.100058E+00  0.158647E-01
  0.535563E+01  0.108375E+00  0.156815E-01
  0.535836E+01  0.961571E-01  0.153167E-01
  0.536110E+01  0.951487E-01  0.153004E-01
  0.536383E+01  0.113272E+00  0.153408E-01
  0.536656E+01  0.991623E-01  0.150854E-01
  0.536930E+01  0.130110E+00  0.153337E-01
  0.537203E+01  0.106742E+00  0.152164E-01
  0.537477E+01  0.104916E+00  0.152915E-01
  0.537750E+01  0.980595E-01  0.152176E-01
  0.538023E+01  0.975191E-01  0.151636E-01
  0.538297E+01  0.944255E-01  0.152225E-01
  0.538570E+01  0.104592E+00  0.152771E-01
  0.538844E+01  0.100287E+00  0.151123E-01
  0.539117E+01  0.830414E-01  0.151066E-01
  0.539390E+01  0.118915E+00  0.152887E-01
  0.539664E+01  0.714544E-01  0.152063E-01
  0.539937E+01  0.890800E-01  0.151379E-01
  0.540211E+01  0.952250E-01  0.152735E-01
  0.540484E+01  0.104954E+00  0.152234E-01
  0.540757E+01  0.711270E-01  0.151360E-01
  0.541031E+01  0.135392E+00  0.153280E-01
  0.541304E+01  0.121639E+00  0.152865E-01
  0.541578E+01  0.124496E+00  0.152853E-01
  0.541851E+01  0.865970E-01  0.151047E-01
  0.542124E+01  0.784713E-01  0.150055E-01
  0.542398E+01  0.117591E+00  0.152318E-01
  0.542671E+01  0.106081E+00  0.152878E-01
  0.542945E+01  0.971495E-01  0.152118E-01
  0.543218E+01  0.866553E-01  0.152014E-01
  0.543491E+01  0.150072E+00  0.153647E-01
  0.543765E+01  0.111083E+00  0.151909E-01
  0.544038E+01  0.105245E+00  0.150559E-01
  0.544312E+01  0.114646E+00  0.151481E-01
  0.544585E+01  0.985737E-01  0.152014E-01
  0.544858E+01  0.102736E+00  0.152815E-01
  0.545132E+01  0.985416E-01  0.151599E-01
  0.545405E+01  0.100781E+00  0.151108E-01
  0.545679E+01  0.119010E+00  0.153080E-01
  0.545952E+01  0.115733E+00  0.152101E-01
  0.546226E+01  0.127194E+00  0.153083E-01
  0.546499E+01  0.897107E-01  0.151018E-01
  0.546772E+01  0.109383E+00  0.153290E-01
  0.547046E+01  0.888489E-01  0.150492E-01
  0.547319E+01  0.820771E-01  0.148493E-01
  0.547593E+01  0.123853E+00  0.150800E-01
  0.547866E+01  0.105667E+00  0.151130E-01
  0.548139E+01  0.120096E+00  0.151399E-01
  0.548413E+01  0.115876E+00  0.153141E-01
  0.548686E+01  0.936641E-01  0.151038E-01
  0.548960E+01  0.121043E+00  0.151137E-01
  0.549233E+01  0.924588E-01  0.150695E-01
  0.549506E+01  0.943853E-01  0.150920E-01
  0.549780E+01  0.981057E-01  0.151116E-01
  0.550053E+01  0.114733E+00  0.151968E-01
  0.550327E+01  0.806750E-01  0.151044E-01
  0.550600E+01  0.107724E+00  0.152216E-01
  0.550873E+01  0.103055E+00  0.152501E-01
  0.551147E+01  0.101924E+00  0.150628E-01
  0.551420E+01  0.116979E+00  0.150838E-01
  0.551694E+01  0.128106E+00  0.152856E-01
  0.551967E+01  0.117784E+00  0.151647E-01
  0.552240E+01  0.119980E+00  0.152261E-01
  0.552514E+01  0.113973E+00  0.151664E-01
  0.552787E+01  0.968903E-01  0.180896E-01
  0.553061E+01  0.134038E+00  0.194687E-01
  0.553334E+01  0.125179E+00  0.216957E-01
  0.553607E+01  0.101884E+00  0.174544E-01
  0.553881E+01  0.125364E+00  0.168683E-01
  0.554154E+01  0.101462E+00  0.162577E-01
  0.554428E+01  0.105358E+00  0.157619E-01
  0.554701E+01  0.110890E+00  0.158393E-01
  0.554974E+01  0.110327E+00  0.159373E-01
  0.555248E+01  0.989835E-01  0.155817E-01
  0.555521E+01  0.128128E+00  0.158795E-01
  0.555795E+01  0.107505E+00  0.156930E-01
  0.556068E+01  0.114558E+00  0.155093E-01
  0.556341E+01  0.102170E+00  0.157188E-01
  0.556615E+01  0.864122E-01  0.154451E-01
  0.556888E+01  0.102067E+00  0.156168E-01
  0.557162E+01  0.132981E+00  0.155559E-01
  0.557435E+01  0.122816E+00  0.156783E-01
  0.557709E+01  0.105562E+00  0.155505E-01
  0.557982E+01  0.109235E+00  0.154521E-01
  0.558255E+01  0.120992E+00  0.153780E-01
  0.558529E+01  0.929952E-01  0.150344E-01
  0.558802E+01  0.127676E+00  0.149983E-01
  0.559076E+01  0.112875E+00  0.150874E-01
  0.559349E+01  0.984331E-01  0.150212E-01
  0.559622E+01  0.117266E+00  0.151440E-01
  0.559896E+01  0.111073E+00  0.150442E-01
  0.560169E+01  0.983789E-01  0.151563E-01
  0.560443E+01  0.102971E+00  0.150652E-01
  0.560716E+01  0.117196E+00  0.150455E-01
  0.560989E+01  0.105368E+00  0.150141E-01
  0.561263E+01  0.121406E+00  0.153196E-01
  0.561536E+01  0.124120E+00  0.151188E-01
  0.561810E+01  0.895842E-01  0.149911E-01
  0.562083E+01  0.102678E+00  0.150216E-01
  0.562356E+01  0.137077E+00  0.150061E-01
  0.562630E+01  0.136607E+00  0.152030E-01
  0.562903E+01  0.116085E+00  0.150964E-01
  0.563177E+01  0.112652E+00  0.150672E-01
  0.563450E+01  0.119024E+00  0.150497E-01
  0.563723E+01  0.101808E+00  0.150527E-01
  0.563997E+01  0.100944E+00  0.149234E-01
  0.564270E+01  0.995520E-01  0.148669E-01
  0.564544E+01  0.127991E+00  0.149889E-01
  0.564817E+01  0.972017E-01  0.149100E-01
  0.565090E+01  0.109100E+00  0.151149E-01
  0.565364E+01  0.126754E+00  0.149240E-01
  0.565637E+01  0.107710E+00  0.149210E-01
  0.565911E+01  0.111810E+00  0.151014E-01
  0.566184E+01  0.130249E+00  0.150621E-01
  0.566457E+01  0.108369E+00  0.149387E-01
  0.566731E+01  0.134606E+00  0.151384E-01
  0.567004E+01  0.111912E+00  0.150123E-01
  0.567278E+01  0.136951E+00  0.150162E-01
  0.567551E+01  0.128084E+00  0.150235E-01
  0.567824E+01  0.106808E+00  0.149194E-01
  0.568098E+01  0.126410E+00  0.150759E-01
  0.568371E+01  0.109160E+00  0.151657E-01
  0.568645E+01  0.122738E+00  0.151347E-01
  0.568918E+01  0.109765E+00  0.149684E-01
  0.569191E+01  0.107535E+00  0.150418E-01
  0.569465E+01  0.135737E+00  0.150393E-01
  0.569738E+01  0.108513E+00  0.150652E-01
  0.570012E+01  0.123096E+00  0.150188E-01
  0.570285E+01  0.122971E+00  0.150954E-01
  0.570559E+01  0.127607E+00  0.150928E-01
  0.570832E+01  0.127845E+00  0.151112E-01
  0.571105E+01  0.116583E+00  0.151616E-01
  0.571379E+01  0.100777E+00  0.150472E-01
  0.571652E+01  0.133272E+00  0.150180E-01
  0.571926E+01  0.118383E+00  0.150567E-01
  0.572199E+01  0.118859E+00  0.150380E-01
  0.572472E+01  0.968421E-01  0.152077E-01
  0.572746E+01  0.109986E+00  0.149612E-01
  0.573019E+01  0.104779E+00  0.150310E-01
  0.573293E+01  0.108433E+00  0.150758E-01
  0.573566E+01  0.144186E+00  0.151411E-01
  0.573839E+01  0.965127E-01  0.149484E-01
  0.574113E+01  0.117951E+00  0.150022E-01
  0.574386E+01  0.131394E+00  0.149660E-01
  0.574660E+01  0.829972E-01  0.149683E-01
  0.574933E+01  0.979008E-01  0.149004E-01
  0.575206E+01  0.133457E+00  0.151570E-01
  0.575480E+01  0.123473E+00  0.151803E-01
  0.575753E+01  0.118206E+00  0.152287E-01
  0.576027E+01  0.132300E+00  0.151622E-01
  0.576300E+01  0.138126E+00  0.151323E-01
  0.576573E+01  0.109429E+00  0.151132E-01
  0.576847E+01  0.122881E+00  0.150824E-01
  0.577120E+01  0.145297E+00  0.151467E-01
  0.577394E+01  0.138220E+00  0.151599E-01
  0.577667E+01  0.125149E+00  0.151539E-01
  0.577940E+01  0.121380E+00  0.151253E-01
  0.578214E+01  0.128937E+00  0.150752E-01
  0.578487E+01  0.123096E+00  0.150590E-01
  0.578761E+01  0.153433E+00  0.151025E-01
  0.579034E+01  0.104914E+00  0.149865E-01
  0.579307E+01  0.127170E+00  0.150975E-01
  0.579581E+01  0.124888E+00  0.151898E-01
  0.579854E+01  0.116806E+00  0.149665E-01
  0.580128E+01  0.128059E+00  0.151088E-01
  0.580401E+01  0.120235E+00  0.149363E-01
  0.580674E+01  0.116519E+00  0.151093E-01
  0.580948E+01  0.108853E+00  0.148244E-01
  0.581221E+01  0.131961E+00  0.151132E-01
  0.581495E+01  0.134466E+00  0.148865E-01
  0.581768E+01  0.120460E+00  0.150518E-01
  0.582041E+01  0.116806E+00  0.149647E-01
  0.582315E+01  0.116022E+00  0.149423E-01
  0.582588E+01  0.119397E+00  0.150597E-01
  0.582862E+01  0.102670E+00  0.149565E-01
  0.583135E+01  0.117260E+00  0.149771E-01
  0.583409E+01  0.992648E-01  0.150627E-01
  0.583682E+01  0.126979E+00  0.151042E-01
  0.583955E+01  0.125119E+00  0.149211E-01
  0.584229E+01  0.120729E+00  0.149775E-01
  0.584502E+01  0.139970E+00  0.151441E-01
  0.584776E+01  0.121398E+00  0.150947E-01
  0.585049E+01  0.139207E+00  0.150093E-01
  0.585322E+01  0.958919E-01  0.149774E-01
  0.585596E+01  0.142095E+00  0.150778E-01
  0.585869E+01  0.127049E+00  0.150091E-01
  0.586143E+01  0.151848E+00  0.150928E-01
  0.586416E+01  0.114755E+00  0.150904E-01
  0.586689E+01  0.135773E+00  0.151396E-01
  0.586963E+01  0.139223E+00  0.152482E-01
  0.587236E+01  0.111338E+00  0.149623E-01
  0.587510E+01  0.131155E+00  0.150738E-01
  0.587783E+01  0.137340E+00  0.150018E-01
  0.588056E+01  0.119747E+00  0.151054E-01
  0.588330E+01  0.937264E-01  0.149609E-01
  0.588603E+01  0.140785E+00  0.151009E-01
  0.588877E+01  0.111961E+00  0.150818E-01
  0.589150E+01  0.104892E+00  0.150560E-01
  0.589423E+01  0.151105E+00  0.151618E-01
  0.589697E+01  0.110092E+00  0.150472E-01
  0.589970E+01  0.154719E+00  0.152245E-01
  0.590244E+01  0.117479E+00  0.150039E-01
  0.590517E+01  0.124215E+00  0.149798E-01
  0.590790E+01  0.146531E+00  0.151528E-01
  0.591064E+01  0.114207E+00  0.151485E-01
  0.591337E+01  0.120303E+00  0.151742E-01
  0.591611E+01  0.136101E+00  0.151039E-01
  0.591884E+01  0.118785E+00  0.149625E-01
  0.592157E+01  0.118996E+00  0.149826E-01
  0.592431E+01  0.131089E+00  0.152697E-01
  0.592704E+01  0.108594E+00  0.150910E-01
  0.592978E+01  0.137481E+00  0.150373E-01
  0.593251E+01  0.126497E+00  0.148383E-01
  0.593524E+01  0.108937E+00  0.149746E-01
  0.593798E+01  0.123773E+00  0.149612E-01
  0.594071E+01  0.151000E+00  0.151721E-01
  0.594345E+01  0.129877E+00  0.151764E-01
  0.594618E+01  0.155265E+00  0.151160E-01
  0.594892E+01  0.122963E+00  0.151190E-01
  0.595165E+01  0.114462E+00  0.150510E-01
  0.595438E+01  0.100261E+00  0.149845E-01
  0.595712E+01  0.127246E+00  0.151115E-01
  0.595985E+01  0.110522E+00  0.151356E-01
  0.596259E+01  0.128272E+00  0.149948E-01
  0.596532E+01  0.115703E+00  0.149997E-01
  0.596805E+01  0.140844E+00  0.151375E-01
  0.597079E+01  0.964906E-01  0.182906E-01
  0.597352E+01  0.135697E+00  0.197596E-01
  0.597626E+01  0.161493E+00  0.220478E-01
  0.597899E+01  0.169474E+00  0.239518E-01
  0.598172E+01  0.135315E+00  0.250040E-01
  0.598446E+01  0.113208E+00  0.270405E-01
  0.598719E+01  0.121037E+00  0.284045E-01
  0.598993E+01  0.122788E+00  0.295034E-01
  0.599266E+01  0.133686E+00  0.318515E-01
  0.599539E+01  0.159693E+00  0.338494E-01
  0.599813E+01  0.154582E+00  0.370014E-01
  0.600086E+01  0.150609E+00  0.395841E-01
  0.600360E+01  0.150458E+00  0.445979E-01
  0.600633E+01  0.162567E+00  0.510383E-01
  0.600906E+01  0.184365E+00  0.593847E-01
  0.601180E+01  0.559663E-01  0.723339E-01
  0.601453E+01  0.171535E-01  0.108664E+00
 ========================================
Description:                            adh_1_high                              
Sample:      adh_1_high  c= 24.890 mg/ml Code:        adh                       
Averaged from raw files: dar_136_001.tiff dar_136_002.tiff dar_136_003.tiff dar_
Processed by: cbf-primus Thu Sep 20 12:44:48 2012                               
Channels from 1 to 2440                                                         
Angular axis file: /data/x33/Users2012/Darja.0912/aux/saxs-0/axis_saxs_20120404.
BeamCenter_X:  2426.000  BeamCenter_Y:   128.000                                
Mask file (beamstop): /data/x33/Users2012/Darja.0912/aux/saxs-0/mask_saxs_201203
Exposure time (sec):   15.000                                                   
Pin diode (mean):       0.717                                                   
Reference frame:    1                                                           
Chi-value threshold:    1.450                                                   
 ========================================
Description:                            buffer_pbs                              
Sample:      buffer_pbs  c=  0.000 mg/ml Code:        adh                       
Averaged from raw files: dar_135_001.tiff dar_135_002.tiff dar_135_003.tiff dar_
Processed by: cbf-primus Thu Sep 20 12:41:21 2012                               
Channels from 1 to 2440                                                         
Angular axis file: /data/x33/Users2012/Darja.0912/aux/saxs-0/axis_saxs_20120404.
BeamCenter_X:  2426.000  BeamCenter_Y:   128.000                                
Mask file (beamstop): /data/x33/Users2012/Darja.0912/aux/saxs-0/mask_saxs_201203
Exposure time (sec):   15.000                                                   
Pin diode (mean):       0.722                                                   
Reference frame:    1                                                           
Chi-value threshold:    1.450                                                   
 ========================================
Description:                            buffer_pbs                              
Sample:      buffer_pbs  c=  0.000 mg/ml Code:        adh                       
Averaged from raw files: dar_137_001.tiff dar_137_002.tiff dar_137_003.tiff dar_
Processed by: cbf-primus Thu Sep 20 12:48:16 2012                               
Channels from 1 to 2440                                                         
Angular axis file: /data/x33/Users2012/Darja.0912/aux/saxs-0/axis_saxs_20120404.
BeamCenter_X:  2426.000  BeamCenter_Y:   128.000                                
Mask file (beamstop): /data/x33/Users2012/Darja.0912/aux/saxs-0/mask_saxs_201203
Exposure time (sec):   15.000                                                   
Pin diode (mean):       0.717                                                   
Reference frame:    1                                                           
Chi-value threshold:    1.450                                                   
 ========================================
